<?xml version="1.0" encoding="utf-8"?>
<COLLADA xmlns="http://www.collada.org/2005/11/COLLADASchema" version="1.4.1">
  <asset><contributor><author>Mixamo</author><authoring_tool>COLLADA Mixamo exporter</authoring_tool><comments></comments></contributor><created>2018-10-29T17:47:22Z</created><modified>2018-10-29T17:47:22Z</modified><revision></revision><title></title><unit meter="0.010000"/><up_axis>Y_UP</up_axis></asset>
  <library_animations>
    <animation id="mixamorig_Hips-anim" name="mixamorig_Hips"><source id="mixamorig_Hips-Matrix-animation-input"><float_array id="mixamorig_Hips-Matrix-animation-input-array" count="56">

0.000000 0.033333 0.066667 0.100000 0.133333 0.166667 0.200000 0.233333 0.266667 0.300000 0.333333 0.366667 0.400000 0.433333 0.466667 0.500000
0.533333 0.566667 0.600000 0.633333 0.666667 0.700000 0.733333 0.766667 0.800000 0.833333 0.866667 0.900000 0.933333 0.966667 1.000000 1.033333
1.066667 1.100000 1.133333 1.166667 1.200000 1.233333 1.266667 1.300000 1.333333 1.366667 1.400000 1.433333 1.466667 1.500000 1.533333 1.566667
1.600000 1.633333 1.666667 1.700000 1.733333 1.766667 1.800000 1.833333</float_array><technique_common><accessor source="#mixamorig_Hips-Matrix-animation-input-array" count="56"><param name="TIME" type="float"/></accessor></technique_common></source><source id="mixamorig_Hips-Matrix-animation-output-transform"><float_array id="mixamorig_Hips-Matrix-animation-output-transform-array" count="896">

0.849568 -0.245298 -0.466973 0.308575 0.287567 0.957548 0.020177 106.235054 0.442199 -0.151427 0.884041 -10.116809 0.000000 0.000000 0.000000 1.000000
0.957508 -0.286943 -0.029003 -4.186830 0.287566 0.957548 0.020177 106.235046 0.021982 -0.027660 0.999376 -2.840866 0.000000 0.000000 0.000000 1.000000
0.868965 -0.269707 0.414919 -7.823084 0.287566 0.957548 0.020177 106.235023 -0.402746 0.101783 0.909635 6.326009 0.000000 0.000000 0.000000 1.000000
0.602108 -0.197125 0.773697 -9.854020 0.287566 0.957548 0.020177 106.235046 -0.744830 0.210340 0.633234 16.810720 0.000000 0.000000 0.000000 1.000000
0.211696 -0.084093 0.973711 -9.862880 0.287566 0.957548 0.020177 106.235046 -0.934072 0.275735 0.226892 27.769773 0.000000 0.000000 0.000000 1.000000
-0.222156 0.046195 0.973916 -7.847842 0.287566 0.957548 0.020177 106.235046 -0.931639 0.284548 -0.226010 38.262302 0.000000 0.000000 0.000000 1.000000
-0.610422 0.167004 0.774271 -4.222407 0.287566 0.957548 0.020177 106.235054 -0.738032 0.234971 -0.632533 47.443203 0.000000 0.000000 0.000000 1.000000
-0.873427 0.253543 0.415742 0.269486 0.287567 0.957548 0.020177 106.235039 -0.392978 0.137177 -0.909259 54.736511 0.000000 0.000000 0.000000 1.000000
-0.957202 0.288055 -0.028097 4.706077 0.287567 0.957548 0.020177 106.235031 0.032717 0.011234 -0.999402 59.953579 0.000000 0.000000 0.000000 1.000000
-0.844556 0.263456 -0.466172 8.176964 0.287566 0.957548 0.020177 106.235054 0.451698 -0.117015 -0.884464 63.331829 0.000000 0.000000 0.000000 1.000000
-0.558605 0.184796 -0.808586 9.969906 0.287566 0.957548 0.020177 106.235046 0.777989 -0.221251 -0.588032 65.486031 0.000000 0.000000 0.000000 1.000000
-0.158026 0.068215 -0.985076 9.717005 0.287566 0.957548 0.020177 106.235062 0.944634 -0.280086 -0.170934 67.282112 0.000000 0.000000 0.000000 1.000000
0.274981 -0.062364 -0.959425 7.470137 0.287566 0.957548 0.020177 106.235062 0.917437 -0.281447 0.281241 69.659500 0.000000 0.000000 0.000000 1.000000
0.651560 -0.180146 -0.736897 3.690370 0.287566 0.957548 0.020177 106.235054 0.701980 -0.225053 0.675704 73.438339 0.000000 0.000000 0.000000 1.000000
0.894437 -0.260960 -0.363156 -0.846664 0.287566 0.957548 0.020177 106.235046 0.342474 -0.122479 0.931510 79.151146 0.000000 0.000000 0.000000 1.000000
0.953773 -0.288226 0.085106 -5.209969 0.287566 0.957548 0.020177 106.235062 -0.087309 0.005230 0.996168 86.933624 0.000000 0.000000 0.000000 1.000000
0.817392 -0.256346 0.515904 -8.504163 0.287566 0.957548 0.020177 106.235054 -0.499175 0.131864 0.856409 96.496780 0.000000 0.000000 0.000000 1.000000
0.513279 -0.171863 0.840837 -10.053279 0.287566 0.957548 0.020177 106.235046 -0.808610 0.231440 0.540912 107.186234 0.000000 0.000000 0.000000 1.000000
0.103840 -0.052114 0.993228 -9.539435 0.287566 0.957548 0.020177 106.235023 -0.952115 0.283524 0.114418 118.116402 0.000000 0.000000 0.000000 1.000000
-0.326907 0.078330 0.941805 -7.068070 0.287566 0.957548 0.020177 106.235039 -0.900243 0.277427 -0.335555 128.352386 0.000000 0.000000 0.000000 1.000000
-0.690572 0.192699 0.697121 -3.146309 0.287566 0.957548 0.020178 106.235046 -0.663639 0.214402 -0.716670 137.101776 0.000000 0.000000 0.000000 1.000000
-0.912530 0.267527 0.309384 1.421085 0.287566 0.957548 0.020177 106.235054 -0.290853 0.107381 -0.950723 143.876999 0.000000 0.000000 0.000000 1.000000
-0.947233 0.287457 -0.141837 5.696867 0.287566 0.957548 0.020177 106.235054 0.141616 -0.021675 -0.989684 148.595856 0.000000 0.000000 0.000000 1.000000
-0.787561 0.248400 -0.563955 8.803638 0.287566 0.957548 0.020177 106.235054 0.545026 -0.146284 -0.825559 151.597977 0.000000 0.000000 0.000000 1.000000
-0.466280 0.158371 -0.870346 10.103871 0.287566 0.957548 0.020177 106.235039 0.836594 -0.240874 -0.492028 153.575333 0.000000 0.000000 0.000000 1.000000
-0.049317 0.035842 -0.998140 9.330752 0.287566 0.957548 0.020177 106.235062 0.956490 -0.286036 -0.057530 155.430115 0.000000 0.000000 0.000000 1.000000
0.377767 -0.094040 -0.921113 6.642928 0.287566 0.957548 0.020177 106.235054 0.880112 -0.272503 0.388773 158.089661 0.000000 0.000000 0.000000 1.000000
0.727331 -0.204625 -0.655071 2.591980 0.287566 0.957548 0.020177 106.235046 0.623133 -0.203052 0.755298 162.316238 0.000000 0.000000 0.000000 1.000000
0.927646 -0.273221 -0.254605 -1.990868 0.287566 0.957548 0.020177 106.235054 0.238283 -0.091933 0.966835 168.550598 0.000000 0.000000 0.000000 1.000000
0.937604 -0.285751 0.198105 -6.165165 0.287566 0.957548 0.020177 106.235054 -0.195461 0.038051 0.979973 176.821304 0.000000 0.000000 0.000000 1.000000
0.755162 -0.239644 0.610165 -9.074384 0.287566 0.957548 0.020177 106.235054 -0.589098 0.160226 0.792017 186.739120 0.000000 0.000000 0.000000 1.000000
0.417760 -0.144361 0.897015 -10.121490 0.287567 0.957548 0.020177 106.235039 -0.861848 0.249522 0.441539 197.577072 0.000000 0.000000 0.000000 1.000000
-0.005369 -0.019456 0.999796 -9.091638 0.287566 0.957548 0.020178 106.235054 -0.957746 0.287616 0.000454 208.418945 0.000000 0.000000 0.000000 1.000000
-0.427396 0.109443 0.897416 -6.196151 0.287566 0.957548 0.020177 106.235039 -0.857111 0.266690 -0.440724 218.348068 0.000000 0.000000 0.000000 1.000000
-0.761720 0.215884 0.610881 -2.029189 0.287566 0.957548 0.020177 106.235039 -0.580593 0.191038 -0.791465 226.634872 0.000000 0.000000 0.000000 1.000000
-0.939736 0.278024 0.198994 2.554148 0.287566 0.957548 0.020177 106.235062 -0.184937 0.076185 -0.979793 232.886902 0.000000 0.000000 0.000000 1.000000
-0.924916 0.283113 -0.253729 6.613390 0.287566 0.957548 0.020177 106.235054 0.248670 -0.054302 -0.967065 237.129089 0.000000 0.000000 0.000000 1.000000
-0.720300 0.230106 -0.654385 9.315521 0.287567 0.957548 0.020177 106.235039 0.631248 -0.173646 -0.755892 239.799133 0.000000 0.000000 0.000000 1.000000
-0.367877 0.129881 -0.920759 10.106094 0.287566 0.957548 0.020177 106.235054 0.884292 -0.257357 -0.389609 241.656876 0.000000 0.000000 0.000000 1.000000
0.060038 0.003003 -0.998192 8.822853 0.287566 0.957548 0.020177 106.235054 0.955877 -0.288257 0.056625 243.629242 0.000000 0.000000 0.000000 1.000000
0.475632 -0.124490 -0.870791 5.729127 0.287566 0.957548 0.020177 106.235046 0.831312 -0.260007 0.491239 246.619415 0.000000 0.000000 0.000000 1.000000
0.793623 -0.226437 -0.564702 1.459785 0.287566 0.957548 0.020178 106.235054 0.536161 -0.178403 0.825048 251.321777 0.000000 0.000000 0.000000 1.000000
0.948761 -0.281920 -0.142734 -3.109123 0.287566 0.957548 0.020178 106.235039 0.130987 -0.060189 0.989555 258.079407 0.000000 0.000000 0.000000 1.000000
0.909211 -0.279552 0.308522 -7.040021 0.287566 0.957548 0.020178 106.235039 -0.301065 0.070374 0.951003 266.813568 0.000000 0.000000 0.000000 1.000000
0.683088 -0.219818 0.696470 -9.526281 0.287566 0.957548 0.020177 106.235054 -0.671339 0.186499 0.717302 277.039917 0.000000 0.000000 0.000000 1.000000
0.316792 -0.114975 0.941501 -10.057740 0.287566 0.957548 0.020176 106.235054 -0.903852 0.264352 0.336407 287.968048 0.000000 0.000000 0.000000 1.000000
-0.114509 0.013458 0.993331 -8.525308 0.287566 0.957548 0.020177 106.235046 -0.950891 0.287959 -0.113518 298.663422 0.000000 0.000000 0.000000 1.000000
-0.522312 0.139130 0.841328 -5.243465 0.287566 0.957548 0.020177 106.235054 -0.802805 0.252477 -0.540148 308.239380 0.000000 0.000000 0.000000 1.000000
-0.822936 0.236254 0.516682 -0.885649 0.287566 0.957548 0.020176 106.235062 -0.489982 0.165184 -0.855939 316.038788 0.000000 0.000000 0.000000 1.000000
-0.954692 0.284896 0.086010 3.653921 0.287566 0.957548 0.020177 106.235046 -0.076610 0.043996 -0.996090 321.769043 0.000000 0.000000 0.000000 1.000000
-0.890541 0.275077 -0.362312 7.443696 0.287566 0.957548 0.020177 106.235054 0.352482 -0.086221 -0.931838 325.562439 0.000000 0.000000 0.000000 1.000000
-0.643647 0.208811 -0.736286 9.705986 0.287566 0.957548 0.020177 106.235054 0.709242 -0.198744 -0.676370 327.948547 0.000000 0.000000 0.000000 1.000000
-0.264676 0.099696 -0.959170 9.976580 0.287566 0.957548 0.020176 106.235054 0.920463 -0.270485 -0.282109 329.745605 0.000000 0.000000 0.000000 1.000000
0.168605 -0.029875 -0.985231 8.199974 0.287566 0.957548 0.020176 106.235062 0.942803 -0.286721 0.170039 331.893005 0.000000 0.000000 0.000000 1.000000
0.567292 -0.153317 -0.809119 4.740671 0.287566 0.957548 0.020177 106.235046 0.771677 -0.244122 0.587298 335.257874 0.000000 0.000000 0.000000 1.000000
0.849567 -0.245298 -0.466974 0.308580 0.287566 0.957548 0.020176 106.235054 0.442201 -0.151427 0.884041 340.457733 0.000000 0.000000 0.000000 1.000000</float_array><technique_common><accessor source="#mixamorig_Hips-Matrix-animation-output-transform-array" count="56" stride="16"><param type="float4x4"/></accessor></technique_common></source><source id="mixamorig_Hips-Interpolations"><Name_array id="mixamorig_Hips-Interpolations-array" count="56">
 LINEAR LINEAR LINEAR LINEAR LINEAR LINEAR LINEAR LINEAR LINEAR LINEAR LINEAR
LINEAR LINEAR LINEAR LINEAR LINEAR LINEAR LINEAR LINEAR LINEAR LINEAR LINEAR LINEAR
LINEAR LINEAR LINEAR LINEAR LINEAR LINEAR LINEAR LINEAR LINEAR LINEAR LINEAR LINEAR
LINEAR LINEAR LINEAR LINEAR LINEAR LINEAR LINEAR LINEAR LINEAR LINEAR LINEAR LINEAR
LINEAR LINEAR LINEAR LINEAR LINEAR LINEAR LINEAR LINEAR LINEAR</Name_array><technique_common><accessor source="#mixamorig_Hips-Interpolations-array" count="56"><param type="name"/></accessor></technique_common></source><sampler id="mixamorig_Hips-Matrix-animation-transform"><input semantic="INPUT" source="#mixamorig_Hips-Matrix-animation-input"/><input semantic="OUTPUT" source="#mixamorig_Hips-Matrix-animation-output-transform"/><input semantic="INTERPOLATION" source="#mixamorig_Hips-Interpolations"/></sampler><channel source="#mixamorig_Hips-Matrix-animation-transform" target="mixamorig_Hips/matrix"/></animation>
    <animation id="mixamorig_Spine-anim" name="mixamorig_Spine"><source id="mixamorig_Spine-Matrix-animation-input"><float_array id="mixamorig_Spine-Matrix-animation-input-array" count="56">

0.000000 0.033333 0.066667 0.100000 0.133333 0.166667 0.200000 0.233333 0.266667 0.300000 0.333333 0.366667 0.400000 0.433333 0.466667 0.500000
0.533333 0.566667 0.600000 0.633333 0.666667 0.700000 0.733333 0.766667 0.800000 0.833333 0.866667 0.900000 0.933333 0.966667 1.000000 1.033333
1.066667 1.100000 1.133333 1.166667 1.200000 1.233333 1.266667 1.300000 1.333333 1.366667 1.400000 1.433333 1.466667 1.500000 1.533333 1.566667
1.600000 1.633333 1.666667 1.700000 1.733333 1.766667 1.800000 1.833333</float_array><technique_common><accessor source="#mixamorig_Spine-Matrix-animation-input-array" count="56"><param name="TIME" type="float"/></accessor></technique_common></source><source id="mixamorig_Spine-Matrix-animation-output-transform"><float_array id="mixamorig_Spine-Matrix-animation-output-transform-array" count="896">

0.913012 0.251850 0.320906 -0.038100 -0.189175 0.958362 -0.213906 9.490500 -0.361416 0.134592 0.922639 -1.392100 0.000000 0.000000 0.000000 1.000000
0.913012 0.251850 0.320906 -0.038100 -0.189175 0.958362 -0.213906 9.490500 -0.361417 0.134591 0.922639 -1.392100 0.000000 0.000000 0.000000 1.000000
0.913012 0.251850 0.320906 -0.038100 -0.189175 0.958362 -0.213906 9.490500 -0.361417 0.134591 0.922639 -1.392100 0.000000 0.000000 0.000000 1.000000
0.913012 0.251850 0.320907 -0.038100 -0.189175 0.958362 -0.213906 9.490500 -0.361417 0.134591 0.922639 -1.392100 0.000000 0.000000 0.000000 1.000000
0.913012 0.251849 0.320906 -0.038100 -0.189175 0.958362 -0.213906 9.490500 -0.361416 0.134592 0.922640 -1.392100 0.000000 0.000000 0.000000 1.000000
0.913012 0.251850 0.320906 -0.038100 -0.189175 0.958362 -0.213906 9.490500 -0.361417 0.134591 0.922639 -1.392100 0.000000 0.000000 0.000000 1.000000
0.913012 0.251850 0.320906 -0.038100 -0.189175 0.958362 -0.213906 9.490500 -0.361416 0.134591 0.922639 -1.392100 0.000000 0.000000 0.000000 1.000000
0.913012 0.251850 0.320906 -0.038100 -0.189175 0.958362 -0.213906 9.490500 -0.361417 0.134591 0.922639 -1.392100 0.000000 0.000000 0.000000 1.000000
0.913012 0.251850 0.320906 -0.038100 -0.189175 0.958361 -0.213906 9.490500 -0.361417 0.134591 0.922639 -1.392100 0.000000 0.000000 0.000000 1.000000
0.913012 0.251850 0.320907 -0.038100 -0.189175 0.958362 -0.213906 9.490500 -0.361417 0.134592 0.922639 -1.392100 0.000000 0.000000 0.000000 1.000000
0.913012 0.251850 0.320907 -0.038100 -0.189175 0.958362 -0.213906 9.490500 -0.361418 0.134591 0.922639 -1.392100 0.000000 0.000000 0.000000 1.000000
0.913012 0.251850 0.320906 -0.038100 -0.189175 0.958362 -0.213906 9.490500 -0.361416 0.134591 0.922639 -1.392100 0.000000 0.000000 0.000000 1.000000
0.913012 0.251850 0.320907 -0.038100 -0.189175 0.958362 -0.213906 9.490500 -0.361417 0.134591 0.922639 -1.392100 0.000000 0.000000 0.000000 1.000000
0.913012 0.251850 0.320906 -0.038100 -0.189175 0.958362 -0.213906 9.490500 -0.361417 0.134591 0.922639 -1.392100 0.000000 0.000000 0.000000 1.000000
0.913012 0.251849 0.320907 -0.038100 -0.189175 0.958362 -0.213906 9.490500 -0.361417 0.134591 0.922639 -1.392100 0.000000 0.000000 0.000000 1.000000
0.913012 0.251850 0.320906 -0.038100 -0.189175 0.958362 -0.213906 9.490500 -0.361417 0.134591 0.922639 -1.392100 0.000000 0.000000 0.000000 1.000000
0.913012 0.251850 0.320906 -0.038100 -0.189175 0.958362 -0.213906 9.490500 -0.361416 0.134591 0.922639 -1.392100 0.000000 0.000000 0.000000 1.000000
0.913012 0.251850 0.320907 -0.038100 -0.189175 0.958362 -0.213906 9.490500 -0.361417 0.134591 0.922639 -1.392100 0.000000 0.000000 0.000000 1.000000
0.913012 0.251850 0.320906 -0.038100 -0.189175 0.958362 -0.213906 9.490500 -0.361416 0.134591 0.922640 -1.392100 0.000000 0.000000 0.000000 1.000000
0.913012 0.251850 0.320907 -0.038100 -0.189175 0.958362 -0.213906 9.490500 -0.361417 0.134591 0.922639 -1.392100 0.000000 0.000000 0.000000 1.000000
0.913012 0.251850 0.320906 -0.038100 -0.189175 0.958362 -0.213906 9.490500 -0.361417 0.134592 0.922639 -1.392100 0.000000 0.000000 0.000000 1.000000
0.913012 0.251850 0.320907 -0.038100 -0.189175 0.958362 -0.213906 9.490500 -0.361417 0.134591 0.922639 -1.392100 0.000000 0.000000 0.000000 1.000000
0.913012 0.251850 0.320906 -0.038100 -0.189175 0.958362 -0.213906 9.490500 -0.361417 0.134591 0.922639 -1.392100 0.000000 0.000000 0.000000 1.000000
0.913012 0.251850 0.320906 -0.038100 -0.189175 0.958362 -0.213906 9.490500 -0.361417 0.134591 0.922639 -1.392100 0.000000 0.000000 0.000000 1.000000
0.913012 0.251850 0.320906 -0.038100 -0.189175 0.958362 -0.213906 9.490500 -0.361416 0.134591 0.922639 -1.392100 0.000000 0.000000 0.000000 1.000000
0.913012 0.251850 0.320906 -0.038100 -0.189175 0.958362 -0.213906 9.490500 -0.361416 0.134591 0.922640 -1.392100 0.000000 0.000000 0.000000 1.000000
0.913012 0.251850 0.320906 -0.038100 -0.189175 0.958362 -0.213906 9.490500 -0.361416 0.134591 0.922639 -1.392100 0.000000 0.000000 0.000000 1.000000
0.913012 0.251850 0.320906 -0.038100 -0.189175 0.958362 -0.213906 9.490500 -0.361417 0.134591 0.922639 -1.392100 0.000000 0.000000 0.000000 1.000000
0.913012 0.251850 0.320906 -0.038100 -0.189175 0.958362 -0.213906 9.490500 -0.361416 0.134591 0.922639 -1.392100 0.000000 0.000000 0.000000 1.000000
0.913012 0.251850 0.320906 -0.038100 -0.189175 0.958362 -0.213906 9.490500 -0.361417 0.134591 0.922639 -1.392100 0.000000 0.000000 0.000000 1.000000
0.913012 0.251850 0.320906 -0.038100 -0.189175 0.958362 -0.213906 9.490500 -0.361416 0.134591 0.922639 -1.392100 0.000000 0.000000 0.000000 1.000000
0.913012 0.251850 0.320907 -0.038100 -0.189175 0.958362 -0.213906 9.490500 -0.361417 0.134591 0.922639 -1.392100 0.000000 0.000000 0.000000 1.000000
0.913012 0.251850 0.320906 -0.038100 -0.189175 0.958362 -0.213906 9.490500 -0.361416 0.134591 0.922640 -1.392100 0.000000 0.000000 0.000000 1.000000
0.913012 0.251850 0.320906 -0.038100 -0.189175 0.958362 -0.213906 9.490500 -0.361416 0.134591 0.922639 -1.392100 0.000000 0.000000 0.000000 1.000000
0.913012 0.251850 0.320907 -0.038100 -0.189175 0.958362 -0.213906 9.490500 -0.361417 0.134591 0.922639 -1.392100 0.000000 0.000000 0.000000 1.000000
0.913012 0.251850 0.320907 -0.038100 -0.189175 0.958362 -0.213906 9.490500 -0.361417 0.134591 0.922639 -1.392100 0.000000 0.000000 0.000000 1.000000
0.913012 0.251850 0.320907 -0.038100 -0.189175 0.958362 -0.213906 9.490500 -0.361417 0.134591 0.922639 -1.392100 0.000000 0.000000 0.000000 1.000000
0.913012 0.251850 0.320906 -0.038100 -0.189175 0.958362 -0.213906 9.490500 -0.361417 0.134591 0.922639 -1.392100 0.000000 0.000000 0.000000 1.000000
0.913012 0.251850 0.320907 -0.038100 -0.189175 0.958362 -0.213906 9.490500 -0.361417 0.134591 0.922639 -1.392100 0.000000 0.000000 0.000000 1.000000
0.913012 0.251850 0.320907 -0.038100 -0.189175 0.958362 -0.213906 9.490500 -0.361417 0.134591 0.922639 -1.392100 0.000000 0.000000 0.000000 1.000000
0.913012 0.251850 0.320906 -0.038100 -0.189175 0.958362 -0.213906 9.490500 -0.361416 0.134591 0.922639 -1.392100 0.000000 0.000000 0.000000 1.000000
0.913012 0.251850 0.320906 -0.038100 -0.189175 0.958362 -0.213906 9.490500 -0.361417 0.134591 0.922639 -1.392100 0.000000 0.000000 0.000000 1.000000
0.913012 0.251850 0.320906 -0.038100 -0.189175 0.958361 -0.213906 9.490500 -0.361416 0.134592 0.922639 -1.392100 0.000000 0.000000 0.000000 1.000000
0.913012 0.251850 0.320906 -0.038100 -0.189175 0.958362 -0.213906 9.490500 -0.361416 0.134591 0.922639 -1.392100 0.000000 0.000000 0.000000 1.000000
0.913012 0.251850 0.320906 -0.038100 -0.189175 0.958362 -0.213906 9.490500 -0.361416 0.134591 0.922639 -1.392100 0.000000 0.000000 0.000000 1.000000
0.913012 0.251849 0.320907 -0.038100 -0.189175 0.958362 -0.213906 9.490500 -0.361417 0.134591 0.922639 -1.392100 0.000000 0.000000 0.000000 1.000000
0.913012 0.251850 0.320906 -0.038100 -0.189175 0.958362 -0.213906 9.490500 -0.361416 0.134591 0.922640 -1.392100 0.000000 0.000000 0.000000 1.000000
0.913012 0.251850 0.320906 -0.038100 -0.189175 0.958362 -0.213906 9.490500 -0.361416 0.134592 0.922640 -1.392100 0.000000 0.000000 0.000000 1.000000
0.913012 0.251850 0.320907 -0.038100 -0.189175 0.958362 -0.213906 9.490500 -0.361417 0.134591 0.922639 -1.392100 0.000000 0.000000 0.000000 1.000000
0.913012 0.251849 0.320906 -0.038100 -0.189175 0.958362 -0.213906 9.490500 -0.361417 0.134591 0.922639 -1.392100 0.000000 0.000000 0.000000 1.000000
0.913012 0.251850 0.320907 -0.038100 -0.189175 0.958362 -0.213906 9.490500 -0.361417 0.134591 0.922639 -1.392100 0.000000 0.000000 0.000000 1.000000
0.913012 0.251850 0.320906 -0.038100 -0.189175 0.958362 -0.213906 9.490500 -0.361416 0.134591 0.922639 -1.392100 0.000000 0.000000 0.000000 1.000000
0.913012 0.251850 0.320906 -0.038100 -0.189175 0.958362 -0.213906 9.490500 -0.361416 0.134591 0.922640 -1.392100 0.000000 0.000000 0.000000 1.000000
0.913012 0.251850 0.320907 -0.038100 -0.189175 0.958362 -0.213906 9.490500 -0.361417 0.134591 0.922639 -1.392100 0.000000 0.000000 0.000000 1.000000
0.913012 0.251850 0.320906 -0.038100 -0.189175 0.958362 -0.213906 9.490500 -0.361417 0.134592 0.922639 -1.392100 0.000000 0.000000 0.000000 1.000000
0.913012 0.251850 0.320907 -0.038100 -0.189175 0.958362 -0.213906 9.490500 -0.361417 0.134591 0.922639 -1.392100 0.000000 0.000000 0.000000 1.000000</float_array><technique_common><accessor source="#mixamorig_Spine-Matrix-animation-output-transform-array" count="56" stride="16"><param type="float4x4"/></accessor></technique_common></source><source id="mixamorig_Spine-Interpolations"><Name_array id="mixamorig_Spine-Interpolations-array" count="56">
 LINEAR LINEAR LINEAR LINEAR LINEAR LINEAR LINEAR LINEAR LINEAR LINEAR LINEAR
LINEAR LINEAR LINEAR LINEAR LINEAR LINEAR LINEAR LINEAR LINEAR LINEAR LINEAR LINEAR
LINEAR LINEAR LINEAR LINEAR LINEAR LINEAR LINEAR LINEAR LINEAR LINEAR LINEAR LINEAR
LINEAR LINEAR LINEAR LINEAR LINEAR LINEAR LINEAR LINEAR LINEAR LINEAR LINEAR LINEAR
LINEAR LINEAR LINEAR LINEAR LINEAR LINEAR LINEAR LINEAR LINEAR</Name_array><technique_common><accessor source="#mixamorig_Spine-Interpolations-array" count="56"><param type="name"/></accessor></technique_common></source><sampler id="mixamorig_Spine-Matrix-animation-transform"><input semantic="INPUT" source="#mixamorig_Spine-Matrix-animation-input"/><input semantic="OUTPUT" source="#mixamorig_Spine-Matrix-animation-output-transform"/><input semantic="INTERPOLATION" source="#mixamorig_Spine-Interpolations"/></sampler><channel source="#mixamorig_Spine-Matrix-animation-transform" target="mixamorig_Spine/matrix"/></animation>
    <animation id="mixamorig_Spine1-anim" name="mixamorig_Spine1"><source id="mixamorig_Spine1-Matrix-animation-input"><float_array id="mixamorig_Spine1-Matrix-animation-input-array" count="56">

0.000000 0.033333 0.066667 0.100000 0.133333 0.166667 0.200000 0.233333 0.266667 0.300000 0.333333 0.366667 0.400000 0.433333 0.466667 0.500000
0.533333 0.566667 0.600000 0.633333 0.666667 0.700000 0.733333 0.766667 0.800000 0.833333 0.866667 0.900000 0.933333 0.966667 1.000000 1.033333
1.066667 1.100000 1.133333 1.166667 1.200000 1.233333 1.266667 1.300000 1.333333 1.366667 1.400000 1.433333 1.466667 1.500000 1.533333 1.566667
1.600000 1.633333 1.666667 1.700000 1.733333 1.766667 1.800000 1.833333</float_array><technique_common><accessor source="#mixamorig_Spine1-Matrix-animation-input-array" count="56"><param name="TIME" type="float"/></accessor></technique_common></source><source id="mixamorig_Spine1-Matrix-animation-output-transform"><float_array id="mixamorig_Spine1-Matrix-animation-output-transform-array" count="896">

0.921541 0.080374 0.379871 -0.044200 -0.021647 0.987454 -0.156415 11.072300 -0.387677 0.135920 0.911719 -1.624100 0.000000 0.000000 0.000000 1.000000
0.921541 0.080374 0.379871 -0.044200 -0.021647 0.987454 -0.156415 11.072300 -0.387677 0.135920 0.911719 -1.624100 0.000000 0.000000 0.000000 1.000000
0.921541 0.080374 0.379871 -0.044200 -0.021647 0.987454 -0.156415 11.072300 -0.387677 0.135920 0.911719 -1.624100 0.000000 0.000000 0.000000 1.000000
0.921541 0.080374 0.379871 -0.044200 -0.021647 0.987454 -0.156415 11.072300 -0.387677 0.135920 0.911719 -1.624100 0.000000 0.000000 0.000000 1.000000
0.921541 0.080374 0.379871 -0.044200 -0.021647 0.987454 -0.156415 11.072300 -0.387677 0.135920 0.911719 -1.624100 0.000000 0.000000 0.000000 1.000000
0.921541 0.080374 0.379871 -0.044200 -0.021647 0.987454 -0.156415 11.072300 -0.387677 0.135920 0.911719 -1.624100 0.000000 0.000000 0.000000 1.000000
0.921541 0.080374 0.379871 -0.044200 -0.021647 0.987454 -0.156415 11.072300 -0.387677 0.135920 0.911719 -1.624100 0.000000 0.000000 0.000000 1.000000
0.921541 0.080374 0.379871 -0.044200 -0.021647 0.987454 -0.156415 11.072300 -0.387677 0.135920 0.911719 -1.624100 0.000000 0.000000 0.000000 1.000000
0.921541 0.080374 0.379871 -0.044200 -0.021647 0.987454 -0.156415 11.072300 -0.387677 0.135920 0.911719 -1.624100 0.000000 0.000000 0.000000 1.000000
0.921541 0.080374 0.379871 -0.044200 -0.021647 0.987454 -0.156415 11.072300 -0.387677 0.135920 0.911719 -1.624100 0.000000 0.000000 0.000000 1.000000
0.921541 0.080374 0.379871 -0.044200 -0.021647 0.987454 -0.156415 11.072300 -0.387677 0.135920 0.911719 -1.624100 0.000000 0.000000 0.000000 1.000000
0.921541 0.080374 0.379871 -0.044200 -0.021647 0.987454 -0.156415 11.072300 -0.387677 0.135920 0.911720 -1.624100 0.000000 0.000000 0.000000 1.000000
0.921541 0.080374 0.379871 -0.044200 -0.021647 0.987454 -0.156415 11.072300 -0.387677 0.135920 0.911719 -1.624100 0.000000 0.000000 0.000000 1.000000
0.921541 0.080374 0.379871 -0.044200 -0.021647 0.987454 -0.156415 11.072300 -0.387677 0.135920 0.911719 -1.624100 0.000000 0.000000 0.000000 1.000000
0.921541 0.080374 0.379871 -0.044200 -0.021647 0.987454 -0.156415 11.072300 -0.387677 0.135920 0.911719 -1.624100 0.000000 0.000000 0.000000 1.000000
0.921541 0.080374 0.379871 -0.044200 -0.021647 0.987454 -0.156415 11.072300 -0.387677 0.135920 0.911719 -1.624100 0.000000 0.000000 0.000000 1.000000
0.921541 0.080374 0.379871 -0.044200 -0.021647 0.987454 -0.156415 11.072300 -0.387677 0.135920 0.911719 -1.624100 0.000000 0.000000 0.000000 1.000000
0.921541 0.080374 0.379871 -0.044200 -0.021647 0.987454 -0.156415 11.072300 -0.387677 0.135920 0.911719 -1.624100 0.000000 0.000000 0.000000 1.000000
0.921541 0.080374 0.379871 -0.044200 -0.021647 0.987454 -0.156415 11.072300 -0.387677 0.135920 0.911719 -1.624100 0.000000 0.000000 0.000000 1.000000
0.921541 0.080374 0.379871 -0.044200 -0.021647 0.987454 -0.156415 11.072300 -0.387677 0.135920 0.911719 -1.624100 0.000000 0.000000 0.000000 1.000000
0.921541 0.080374 0.379871 -0.044200 -0.021647 0.987454 -0.156415 11.072300 -0.387677 0.135920 0.911719 -1.624100 0.000000 0.000000 0.000000 1.000000
0.921541 0.080374 0.379871 -0.044200 -0.021647 0.987454 -0.156415 11.072300 -0.387677 0.135920 0.911719 -1.624100 0.000000 0.000000 0.000000 1.000000
0.921541 0.080374 0.379871 -0.044200 -0.021647 0.987454 -0.156415 11.072300 -0.387677 0.135920 0.911719 -1.624100 0.000000 0.000000 0.000000 1.000000
0.921541 0.080374 0.379871 -0.044200 -0.021647 0.987454 -0.156415 11.072300 -0.387677 0.135920 0.911719 -1.624100 0.000000 0.000000 0.000000 1.000000
0.921541 0.080374 0.379871 -0.044200 -0.021647 0.987454 -0.156415 11.072300 -0.387677 0.135920 0.911719 -1.624100 0.000000 0.000000 0.000000 1.000000
0.921541 0.080374 0.379871 -0.044200 -0.021647 0.987454 -0.156415 11.072300 -0.387677 0.135920 0.911719 -1.624100 0.000000 0.000000 0.000000 1.000000
0.921541 0.080374 0.379871 -0.044200 -0.021647 0.987454 -0.156415 11.072300 -0.387677 0.135920 0.911719 -1.624100 0.000000 0.000000 0.000000 1.000000
0.921541 0.080374 0.379871 -0.044200 -0.021647 0.987454 -0.156415 11.072300 -0.387677 0.135920 0.911719 -1.624100 0.000000 0.000000 0.000000 1.000000
0.921541 0.080374 0.379871 -0.044200 -0.021647 0.987454 -0.156415 11.072300 -0.387677 0.135920 0.911719 -1.624100 0.000000 0.000000 0.000000 1.000000
0.921541 0.080374 0.379871 -0.044200 -0.021647 0.987454 -0.156415 11.072300 -0.387677 0.135920 0.911719 -1.624100 0.000000 0.000000 0.000000 1.000000
0.921541 0.080374 0.379871 -0.044200 -0.021647 0.987454 -0.156415 11.072300 -0.387677 0.135920 0.911719 -1.624100 0.000000 0.000000 0.000000 1.000000
0.921541 0.080374 0.379871 -0.044200 -0.021647 0.987454 -0.156415 11.072300 -0.387677 0.135920 0.911720 -1.624100 0.000000 0.000000 0.000000 1.000000
0.921541 0.080374 0.379871 -0.044200 -0.021647 0.987454 -0.156415 11.072300 -0.387677 0.135920 0.911719 -1.624100 0.000000 0.000000 0.000000 1.000000
0.921541 0.080374 0.379871 -0.044200 -0.021647 0.987454 -0.156415 11.072300 -0.387677 0.135920 0.911719 -1.624100 0.000000 0.000000 0.000000 1.000000
0.921541 0.080374 0.379871 -0.044200 -0.021647 0.987454 -0.156415 11.072300 -0.387677 0.135920 0.911719 -1.624100 0.000000 0.000000 0.000000 1.000000
0.921541 0.080374 0.379871 -0.044200 -0.021647 0.987454 -0.156415 11.072300 -0.387677 0.135920 0.911719 -1.624100 0.000000 0.000000 0.000000 1.000000
0.921541 0.080374 0.379871 -0.044200 -0.021647 0.987454 -0.156415 11.072300 -0.387677 0.135920 0.911719 -1.624100 0.000000 0.000000 0.000000 1.000000
0.921541 0.080374 0.379871 -0.044200 -0.021647 0.987454 -0.156415 11.072300 -0.387677 0.135920 0.911719 -1.624100 0.000000 0.000000 0.000000 1.000000
0.921541 0.080374 0.379871 -0.044200 -0.021647 0.987454 -0.156415 11.072300 -0.387677 0.135920 0.911719 -1.624100 0.000000 0.000000 0.000000 1.000000
0.921541 0.080374 0.379871 -0.044200 -0.021647 0.987454 -0.156415 11.072300 -0.387677 0.135920 0.911720 -1.624100 0.000000 0.000000 0.000000 1.000000
0.921541 0.080374 0.379871 -0.044200 -0.021647 0.987454 -0.156415 11.072300 -0.387677 0.135920 0.911719 -1.624100 0.000000 0.000000 0.000000 1.000000
0.921541 0.080374 0.379871 -0.044200 -0.021647 0.987454 -0.156415 11.072300 -0.387677 0.135920 0.911719 -1.624100 0.000000 0.000000 0.000000 1.000000
0.921541 0.080374 0.379871 -0.044200 -0.021647 0.987454 -0.156415 11.072300 -0.387677 0.135920 0.911719 -1.624100 0.000000 0.000000 0.000000 1.000000
0.921541 0.080374 0.379871 -0.044200 -0.021647 0.987454 -0.156415 11.072300 -0.387677 0.135920 0.911719 -1.624100 0.000000 0.000000 0.000000 1.000000
0.921541 0.080374 0.379871 -0.044200 -0.021647 0.987454 -0.156415 11.072300 -0.387677 0.135920 0.911720 -1.624100 0.000000 0.000000 0.000000 1.000000
0.921541 0.080374 0.379871 -0.044200 -0.021647 0.987454 -0.156415 11.072300 -0.387677 0.135920 0.911719 -1.624100 0.000000 0.000000 0.000000 1.000000
0.921541 0.080374 0.379871 -0.044200 -0.021647 0.987454 -0.156415 11.072300 -0.387677 0.135920 0.911719 -1.624100 0.000000 0.000000 0.000000 1.000000
0.921541 0.080374 0.379871 -0.044200 -0.021647 0.987454 -0.156415 11.072300 -0.387677 0.135920 0.911719 -1.624100 0.000000 0.000000 0.000000 1.000000
0.921541 0.080374 0.379871 -0.044200 -0.021647 0.987454 -0.156415 11.072300 -0.387677 0.135920 0.911719 -1.624100 0.000000 0.000000 0.000000 1.000000
0.921541 0.080374 0.379871 -0.044200 -0.021647 0.987454 -0.156415 11.072300 -0.387677 0.135920 0.911719 -1.624100 0.000000 0.000000 0.000000 1.000000
0.921541 0.080374 0.379871 -0.044200 -0.021647 0.987454 -0.156415 11.072300 -0.387677 0.135920 0.911719 -1.624100 0.000000 0.000000 0.000000 1.000000
0.921541 0.080374 0.379871 -0.044200 -0.021647 0.987454 -0.156415 11.072300 -0.387677 0.135920 0.911719 -1.624100 0.000000 0.000000 0.000000 1.000000
0.921541 0.080374 0.379871 -0.044200 -0.021647 0.987454 -0.156415 11.072300 -0.387677 0.135920 0.911719 -1.624100 0.000000 0.000000 0.000000 1.000000
0.921541 0.080374 0.379871 -0.044200 -0.021647 0.987454 -0.156415 11.072300 -0.387677 0.135920 0.911719 -1.624100 0.000000 0.000000 0.000000 1.000000
0.921541 0.080374 0.379871 -0.044200 -0.021647 0.987454 -0.156415 11.072300 -0.387677 0.135920 0.911719 -1.624100 0.000000 0.000000 0.000000 1.000000
0.921541 0.080374 0.379871 -0.044200 -0.021647 0.987454 -0.156415 11.072300 -0.387677 0.135920 0.911719 -1.624100 0.000000 0.000000 0.000000 1.000000</float_array><technique_common><accessor source="#mixamorig_Spine1-Matrix-animation-output-transform-array" count="56" stride="16"><param type="float4x4"/></accessor></technique_common></source><source id="mixamorig_Spine1-Interpolations"><Name_array id="mixamorig_Spine1-Interpolations-array" count="56">
 LINEAR LINEAR LINEAR LINEAR LINEAR LINEAR LINEAR LINEAR LINEAR LINEAR LINEAR
LINEAR LINEAR LINEAR LINEAR LINEAR LINEAR LINEAR LINEAR LINEAR LINEAR LINEAR LINEAR
LINEAR LINEAR LINEAR LINEAR LINEAR LINEAR LINEAR LINEAR LINEAR LINEAR LINEAR LINEAR
LINEAR LINEAR LINEAR LINEAR LINEAR LINEAR LINEAR LINEAR LINEAR LINEAR LINEAR LINEAR
LINEAR LINEAR LINEAR LINEAR LINEAR LINEAR LINEAR LINEAR LINEAR</Name_array><technique_common><accessor source="#mixamorig_Spine1-Interpolations-array" count="56"><param type="name"/></accessor></technique_common></source><sampler id="mixamorig_Spine1-Matrix-animation-transform"><input semantic="INPUT" source="#mixamorig_Spine1-Matrix-animation-input"/><input semantic="OUTPUT" source="#mixamorig_Spine1-Matrix-animation-output-transform"/><input semantic="INTERPOLATION" source="#mixamorig_Spine1-Interpolations"/></sampler><channel source="#mixamorig_Spine1-Matrix-animation-transform" target="mixamorig_Spine1/matrix"/></animation>
    <animation id="mixamorig_Spine2-anim" name="mixamorig_Spine2"><source id="mixamorig_Spine2-Matrix-animation-input"><float_array id="mixamorig_Spine2-Matrix-animation-input-array" count="56">

0.000000 0.033333 0.066667 0.100000 0.133333 0.166667 0.200000 0.233333 0.266667 0.300000 0.333333 0.366667 0.400000 0.433333 0.466667 0.500000
0.533333 0.566667 0.600000 0.633333 0.666667 0.700000 0.733333 0.766667 0.800000 0.833333 0.866667 0.900000 0.933333 0.966667 1.000000 1.033333
1.066667 1.100000 1.133333 1.166667 1.200000 1.233333 1.266667 1.300000 1.333333 1.366667 1.400000 1.433333 1.466667 1.500000 1.533333 1.566667
1.600000 1.633333 1.666667 1.700000 1.733333 1.766667 1.800000 1.833333</float_array><technique_common><accessor source="#mixamorig_Spine2-Matrix-animation-input-array" count="56"><param name="TIME" type="float"/></accessor></technique_common></source><source id="mixamorig_Spine2-Matrix-animation-output-transform"><float_array id="mixamorig_Spine2-Matrix-animation-output-transform-array" count="896">

0.982706 0.112466 0.147108 -0.050500 -0.098598 0.990250 -0.098403 12.654000 -0.156741 0.082196 0.984213 -1.856100 0.000000 0.000000 0.000000 1.000000
0.982706 0.112466 0.147108 -0.050500 -0.098598 0.990250 -0.098403 12.654000 -0.156741 0.082196 0.984213 -1.856100 0.000000 0.000000 0.000000 1.000000
0.982706 0.112466 0.147108 -0.050500 -0.098598 0.990250 -0.098403 12.654000 -0.156741 0.082196 0.984213 -1.856100 0.000000 0.000000 0.000000 1.000000
0.982706 0.112466 0.147108 -0.050500 -0.098598 0.990250 -0.098403 12.654000 -0.156741 0.082196 0.984213 -1.856100 0.000000 0.000000 0.000000 1.000000
0.982706 0.112466 0.147108 -0.050500 -0.098598 0.990250 -0.098403 12.654000 -0.156741 0.082196 0.984213 -1.856100 0.000000 0.000000 0.000000 1.000000
0.982706 0.112466 0.147108 -0.050500 -0.098598 0.990250 -0.098403 12.654000 -0.156741 0.082196 0.984213 -1.856100 0.000000 0.000000 0.000000 1.000000
0.982706 0.112466 0.147108 -0.050500 -0.098598 0.990250 -0.098403 12.654000 -0.156741 0.082196 0.984213 -1.856100 0.000000 0.000000 0.000000 1.000000
0.982706 0.112466 0.147108 -0.050500 -0.098598 0.990250 -0.098403 12.654000 -0.156741 0.082196 0.984213 -1.856100 0.000000 0.000000 0.000000 1.000000
0.982706 0.112466 0.147108 -0.050500 -0.098598 0.990250 -0.098403 12.654000 -0.156741 0.082196 0.984213 -1.856100 0.000000 0.000000 0.000000 1.000000
0.982706 0.112466 0.147108 -0.050500 -0.098598 0.990250 -0.098403 12.654000 -0.156741 0.082196 0.984213 -1.856100 0.000000 0.000000 0.000000 1.000000
0.982706 0.112466 0.147108 -0.050500 -0.098598 0.990250 -0.098403 12.654000 -0.156741 0.082196 0.984213 -1.856100 0.000000 0.000000 0.000000 1.000000
0.982706 0.112466 0.147108 -0.050500 -0.098598 0.990250 -0.098403 12.654000 -0.156741 0.082196 0.984213 -1.856100 0.000000 0.000000 0.000000 1.000000
0.982706 0.112466 0.147108 -0.050500 -0.098598 0.990250 -0.098403 12.654000 -0.156741 0.082196 0.984213 -1.856100 0.000000 0.000000 0.000000 1.000000
0.982706 0.112466 0.147108 -0.050500 -0.098598 0.990250 -0.098403 12.654000 -0.156741 0.082196 0.984213 -1.856100 0.000000 0.000000 0.000000 1.000000
0.982706 0.112466 0.147108 -0.050500 -0.098598 0.990250 -0.098403 12.654000 -0.156741 0.082196 0.984213 -1.856100 0.000000 0.000000 0.000000 1.000000
0.982706 0.112466 0.147108 -0.050500 -0.098598 0.990250 -0.098403 12.654000 -0.156741 0.082196 0.984213 -1.856100 0.000000 0.000000 0.000000 1.000000
0.982706 0.112466 0.147108 -0.050500 -0.098598 0.990250 -0.098403 12.654000 -0.156741 0.082196 0.984213 -1.856100 0.000000 0.000000 0.000000 1.000000
0.982706 0.112466 0.147108 -0.050500 -0.098598 0.990250 -0.098403 12.654000 -0.156741 0.082196 0.984213 -1.856100 0.000000 0.000000 0.000000 1.000000
0.982706 0.112466 0.147108 -0.050500 -0.098598 0.990250 -0.098403 12.654000 -0.156741 0.082196 0.984213 -1.856100 0.000000 0.000000 0.000000 1.000000
0.982706 0.112466 0.147108 -0.050500 -0.098598 0.990250 -0.098403 12.654000 -0.156741 0.082196 0.984213 -1.856100 0.000000 0.000000 0.000000 1.000000
0.982706 0.112466 0.147108 -0.050500 -0.098598 0.990250 -0.098403 12.654000 -0.156741 0.082196 0.984213 -1.856100 0.000000 0.000000 0.000000 1.000000
0.982706 0.112466 0.147108 -0.050500 -0.098598 0.990250 -0.098403 12.654000 -0.156741 0.082196 0.984213 -1.856100 0.000000 0.000000 0.000000 1.000000
0.982706 0.112466 0.147108 -0.050500 -0.098598 0.990250 -0.098403 12.654000 -0.156741 0.082196 0.984213 -1.856100 0.000000 0.000000 0.000000 1.000000
0.982706 0.112466 0.147108 -0.050500 -0.098598 0.990250 -0.098403 12.654000 -0.156741 0.082196 0.984213 -1.856100 0.000000 0.000000 0.000000 1.000000
0.982706 0.112465 0.147108 -0.050500 -0.098598 0.990250 -0.098403 12.654000 -0.156741 0.082196 0.984213 -1.856100 0.000000 0.000000 0.000000 1.000000
0.982706 0.112466 0.147108 -0.050500 -0.098598 0.990250 -0.098403 12.654000 -0.156741 0.082196 0.984213 -1.856100 0.000000 0.000000 0.000000 1.000000
0.982706 0.112466 0.147108 -0.050500 -0.098598 0.990250 -0.098403 12.654000 -0.156741 0.082196 0.984213 -1.856100 0.000000 0.000000 0.000000 1.000000
0.982706 0.112466 0.147108 -0.050500 -0.098598 0.990250 -0.098403 12.654000 -0.156741 0.082196 0.984213 -1.856100 0.000000 0.000000 0.000000 1.000000
0.982706 0.112466 0.147108 -0.050500 -0.098598 0.990250 -0.098403 12.654000 -0.156741 0.082196 0.984213 -1.856100 0.000000 0.000000 0.000000 1.000000
0.982706 0.112466 0.147108 -0.050500 -0.098598 0.990250 -0.098403 12.654000 -0.156741 0.082196 0.984213 -1.856100 0.000000 0.000000 0.000000 1.000000
0.982706 0.112466 0.147108 -0.050500 -0.098598 0.990250 -0.098403 12.654000 -0.156741 0.082196 0.984213 -1.856100 0.000000 0.000000 0.000000 1.000000
0.982706 0.112466 0.147108 -0.050500 -0.098598 0.990250 -0.098403 12.654000 -0.156741 0.082196 0.984213 -1.856100 0.000000 0.000000 0.000000 1.000000
0.982706 0.112466 0.147108 -0.050500 -0.098598 0.990250 -0.098403 12.654000 -0.156741 0.082196 0.984213 -1.856100 0.000000 0.000000 0.000000 1.000000
0.982706 0.112466 0.147108 -0.050500 -0.098598 0.990250 -0.098403 12.654000 -0.156741 0.082196 0.984213 -1.856100 0.000000 0.000000 0.000000 1.000000
0.982706 0.112466 0.147108 -0.050500 -0.098598 0.990250 -0.098403 12.654000 -0.156741 0.082196 0.984213 -1.856100 0.000000 0.000000 0.000000 1.000000
0.982706 0.112466 0.147108 -0.050500 -0.098598 0.990250 -0.098403 12.654000 -0.156741 0.082196 0.984213 -1.856100 0.000000 0.000000 0.000000 1.000000
0.982706 0.112466 0.147108 -0.050500 -0.098598 0.990250 -0.098403 12.654000 -0.156741 0.082196 0.984213 -1.856100 0.000000 0.000000 0.000000 1.000000
0.982706 0.112466 0.147108 -0.050500 -0.098598 0.990250 -0.098403 12.654000 -0.156741 0.082196 0.984213 -1.856100 0.000000 0.000000 0.000000 1.000000
0.982706 0.112466 0.147108 -0.050500 -0.098598 0.990250 -0.098403 12.654000 -0.156741 0.082196 0.984213 -1.856100 0.000000 0.000000 0.000000 1.000000
0.982706 0.112466 0.147108 -0.050500 -0.098598 0.990250 -0.098403 12.654000 -0.156741 0.082196 0.984213 -1.856100 0.000000 0.000000 0.000000 1.000000
0.982706 0.112466 0.147108 -0.050500 -0.098598 0.990250 -0.098403 12.654000 -0.156741 0.082196 0.984213 -1.856100 0.000000 0.000000 0.000000 1.000000
0.982706 0.112466 0.147108 -0.050500 -0.098598 0.990250 -0.098403 12.654000 -0.156741 0.082196 0.984213 -1.856100 0.000000 0.000000 0.000000 1.000000
