<?xml version="1.0" encoding="utf-8"?>
<COLLADA xmlns="http://www.collada.org/2005/11/COLLADASchema" version="1.4.1">
  <asset><contributor><author>Mixamo</author><authoring_tool>COLLADA Mixamo exporter</authoring_tool><comments></comments></contributor><created>2018-10-30T15:23:28Z</created><modified>2018-10-30T15:23:28Z</modified><revision></revision><title></title><unit meter="0.010000"/><up_axis>Y_UP</up_axis></asset>
  <library_animations>
    <animation id="Zombie_Hips-anim" name="Zombie_Hips"><source id="Zombie_Hips-Matrix-animation-input"><float_array id="Zombie_Hips-Matrix-animation-input-array" count="139">

0.000000 0.033333 0.066667 0.100000 0.133333 0.166667 0.200000 0.233333 0.266667 0.300000 0.333333 0.366667 0.400000 0.433333 0.466667 0.500000
0.533333 0.566667 0.600000 0.633333 0.666667 0.700000 0.733333 0.766667 0.800000 0.833333 0.866667 0.900000 0.933333 0.966667 1.000000 1.033333
1.066667 1.100000 1.133333 1.166667 1.200000 1.233333 1.266667 1.300000 1.333333 1.366667 1.400000 1.433333 1.466667 1.500000 1.533333 1.566667
1.600000 1.633333 1.666667 1.700000 1.733333 1.766667 1.800000 1.833333 1.866667 1.900000 1.933333 1.966667 2.000000 2.033333 2.066667 2.100000
2.133333 2.166667 2.200000 2.233333 2.266667 2.300000 2.333333 2.366667 2.400000 2.433333 2.466667 2.500000 2.533333 2.566667 2.600000 2.633333
2.666667 2.700000 2.733333 2.766667 2.800000 2.833333 2.866667 2.900000 2.933333 2.966667 3.000000 3.033333 3.066667 3.100000 3.133333 3.166667
3.200000 3.233333 3.266667 3.300000 3.333333 3.366667 3.400000 3.433333 3.466667 3.500000 3.533333 3.566667 3.600000 3.633333 3.666667 3.700000
3.733333 3.766667 3.800000 3.833333 3.866667 3.900000 3.933333 3.966667 4.000000 4.033333 4.066667 4.100000 4.133333 4.166667 4.200000 4.233333
4.266667 4.300000 4.333333 4.366667 4.400000 4.433333 4.466667 4.500000 4.533333 4.566667 4.600000</float_array><technique_common><accessor source="#Zombie_Hips-Matrix-animation-input-array" count="139"><param name="TIME" type="float"/></accessor></technique_common></source><source id="Zombie_Hips-Matrix-animation-output-transform"><float_array id="Zombie_Hips-Matrix-animation-output-transform-array" count="2224">

0.998143 0.025930 -0.055123 -13.304013 -0.027024 0.999451 -0.019190 93.870918 0.054595 0.020644 0.998295 0.100301 0.000000 0.000000 0.000000 1.000000
0.998142 0.026289 -0.054962 -13.298796 -0.027388 0.999438 -0.019346 93.867218 0.054423 0.020816 0.998301 0.116832 0.000000 0.000000 0.000000 1.000000
0.998168 0.026712 -0.054291 -13.294968 -0.027818 0.999418 -0.019723 93.865257 0.053733 0.021198 0.998330 0.131930 0.000000 0.000000 0.000000 1.000000
0.998177 0.027177 -0.053897 -13.295479 -0.028298 0.999397 -0.020138 93.867157 0.053318 0.021626 0.998343 0.146214 0.000000 0.000000 0.000000 1.000000
0.998207 0.027517 -0.053148 -13.294894 -0.028641 0.999380 -0.020495 93.871880 0.052551 0.021980 0.998376 0.160178 0.000000 0.000000 0.000000 1.000000
0.998215 0.028031 -0.052737 -13.298697 -0.029152 0.999362 -0.020624 93.879326 0.052126 0.022124 0.998395 0.172269 0.000000 0.000000 0.000000 1.000000
0.998233 0.028342 -0.052223 -13.297865 -0.029451 0.999354 -0.020599 93.890411 0.051606 0.022101 0.998423 0.176494 0.000000 0.000000 0.000000 1.000000
0.998216 0.028655 -0.052390 -13.293088 -0.029745 0.999355 -0.020136 93.906441 0.051779 0.021658 0.998424 0.179748 0.000000 0.000000 0.000000 1.000000
0.998166 0.028667 -0.053324 -13.283428 -0.029741 0.999368 -0.019461 93.924530 0.052732 0.021011 0.998388 0.177333 0.000000 0.000000 0.000000 1.000000
0.998065 0.028558 -0.055226 -13.267243 -0.029644 0.999381 -0.018943 93.945000 0.054651 0.020544 0.998294 0.163393 0.000000 0.000000 0.000000 1.000000
0.997908 0.028644 -0.057960 -13.245539 -0.029716 0.999401 -0.017718 93.965508 0.057418 0.019403 0.998162 0.140744 0.000000 0.000000 0.000000 1.000000
0.997692 0.027828 -0.061943 -13.209256 -0.028907 0.999444 -0.016592 93.977043 0.061447 0.018344 0.997942 0.088519 0.000000 0.000000 0.000000 1.000000
0.997513 0.027831 -0.064753 -13.176191 -0.028908 0.999458 -0.015752 93.978516 0.064279 0.017584 0.997777 0.013764 0.000000 0.000000 0.000000 1.000000
0.997337 0.028696 -0.067047 -13.139609 -0.029756 0.999447 -0.014866 93.978104 0.066583 0.016821 0.997639 -0.110035 0.000000 0.000000 0.000000 1.000000
0.997240 0.029880 -0.067974 -13.113575 -0.030937 0.999415 -0.014552 93.981300 0.067500 0.016615 0.997581 -0.311488 0.000000 0.000000 0.000000 1.000000
0.997183 0.031325 -0.068153 -13.073375 -0.032349 0.999379 -0.013974 93.994476 0.067673 0.016139 0.997577 -0.647927 0.000000 0.000000 0.000000 1.000000
0.997137 0.035886 -0.066564 -13.056043 -0.036954 0.999206 -0.014889 94.019554 0.065977 0.017306 0.997671 -1.162735 0.000000 0.000000 0.000000 1.000000
0.997224 0.036849 -0.064698 -12.984482 -0.037995 0.999141 -0.016566 93.972153 0.064032 0.018978 0.997767 -1.967888 0.000000 0.000000 0.000000 1.000000
0.997928 0.041413 -0.049239 -13.025119 -0.042622 0.998809 -0.023754 93.498718 0.048197 0.025803 0.998505 -3.617953 0.000000 0.000000 0.000000 1.000000
0.998351 0.049602 -0.028890 -13.135780 -0.050339 0.998410 -0.025374 92.522461 0.027585 0.026787 0.999260 -5.977278 0.000000 0.000000 0.000000 1.000000
0.998441 0.054715 -0.011018 -13.253409 -0.054869 0.998393 -0.014167 91.182121 0.010225 0.014750 0.999839 -8.434011 0.000000 0.000000 0.000000 1.000000
0.998186 0.060204 -0.000131 -13.363402 -0.060204 0.998183 0.002331 89.952995 0.000271 -0.002319 0.999997 -10.491334 0.000000 0.000000 0.000000 1.000000
0.997258 0.067291 0.030804 -13.508175 -0.067626 0.997661 0.009937 88.884941 -0.030064 -0.011993 0.999476 -12.477163 0.000000 0.000000 0.000000 1.000000
0.996724 0.061239 0.052833 -13.664762 -0.062697 0.997683 0.026402 87.539970 -0.051094 -0.029628 0.998254 -14.360550 0.000000 0.000000 0.000000 1.000000
0.997292 0.052623 0.051374 -13.757820 -0.054186 0.998094 0.029521 86.338631 -0.049723 -0.032225 0.998243 -15.861994 0.000000 0.000000 0.000000 1.000000
0.997649 0.052749 0.043753 -13.786262 -0.053877 0.998234 0.025022 85.413101 -0.042355 -0.027321 0.998729 -16.999475 0.000000 0.000000 0.000000 1.000000
0.998088 0.051839 0.033652 -13.815566 -0.052442 0.998474 0.017288 84.529976 -0.032704 -0.019020 0.999284 -18.120655 0.000000 0.000000 0.000000 1.000000
0.998448 0.051894 0.020222 -13.846225 -0.052182 0.998540 0.013963 83.616188 -0.019468 -0.014997 0.999698 -19.216309 0.000000 0.000000 0.000000 1.000000
0.998296 0.053417 0.023497 -13.880058 -0.053871 0.998365 0.019130 82.622635 -0.022436 -0.020363 0.999541 -20.225603 0.000000 0.000000 0.000000 1.000000
0.998120 0.054373 0.028297 -13.916415 -0.055104 0.998149 0.025746 81.665314 -0.026845 -0.027256 0.999268 -21.136677 0.000000 0.000000 0.000000 1.000000
0.998434 0.048107 0.028570 -13.985790 -0.048847 0.998473 0.025806 80.793114 -0.027285 -0.027161 0.999259 -21.974781 0.000000 0.000000 0.000000 1.000000
0.998221 0.047471 0.036072 -14.074737 -0.048506 0.998420 0.028369 79.913521 -0.034669 -0.030068 0.998946 -22.793306 0.000000 0.000000 0.000000 1.000000
0.998229 0.042824 0.041288 -14.165022 -0.044471 0.998217 0.039823 78.944260 -0.039509 -0.041589 0.998353 -23.598053 0.000000 0.000000 0.000000 1.000000
0.998073 0.040511 0.047012 -14.262467 -0.043160 0.997454 0.056766 77.895279 -0.044593 -0.058686 0.997280 -24.372589 0.000000 0.000000 0.000000 1.000000
0.997756 0.039986 0.053708 -14.369876 -0.044143 0.995929 0.078598 76.726601 -0.050347 -0.080792 0.995459 -25.110111 0.000000 0.000000 0.000000 1.000000
0.997507 0.040711 0.057647 -14.461075 -0.046231 0.994120 0.097916 75.826904 -0.053322 -0.100337 0.993524 -25.674076 0.000000 0.000000 0.000000 1.000000
0.997245 0.041514 0.061469 -14.585310 -0.048406 0.992157 0.115248 74.894005 -0.056202 -0.117906 0.991433 -26.242813 0.000000 0.000000 0.000000 1.000000
0.997228 0.042106 0.061342 -14.679163 -0.050018 0.989752 0.133749 73.904755 -0.055082 -0.136447 0.989115 -26.877605 0.000000 0.000000 0.000000 1.000000
0.997162 0.042192 0.062356 -14.750554 -0.051523 0.986326 0.156543 72.931122 -0.054899 -0.159311 0.985701 -27.530828 0.000000 0.000000 0.000000 1.000000
0.996978 0.043891 0.064099 -14.813937 -0.054594 0.982848 0.176151 71.913902 -0.055268 -0.179118 0.982274 -28.221296 0.000000 0.000000 0.000000 1.000000
0.996935 0.042067 0.065964 -14.862933 -0.054079 0.979815 0.192451 70.880165 -0.056537 -0.195428 0.979087 -28.977142 0.000000 0.000000 0.000000 1.000000
0.996995 0.038113 0.067438 -14.922547 -0.051763 0.975472 0.213951 69.848045 -0.057629 -0.216799 0.974514 -29.781292 0.000000 0.000000 0.000000 1.000000
0.997029 0.030955 0.070528 -14.977180 -0.046595 0.971533 0.232278 68.790985 -0.061330 -0.234874 0.970089 -30.628794 0.000000 0.000000 0.000000 1.000000
0.996695 0.025694 0.077062 -15.040718 -0.044607 0.965946 0.254871 67.722015 -0.067889 -0.257466 0.963900 -31.565168 0.000000 0.000000 0.000000 1.000000
0.996146 0.020836 0.085198 -15.121084 -0.043634 0.960368 0.275299 66.576958 -0.076085 -0.277956 0.957576 -32.546955 0.000000 0.000000 0.000000 1.000000
0.995494 0.016685 0.093349 -15.194070 -0.043869 0.953759 0.297355 65.325912 -0.084071 -0.300110 0.950193 -33.603680 0.000000 0.000000 0.000000 1.000000
0.994664 0.013027 0.102339 -15.264100 -0.045592 0.945374 0.322783 63.914146 -0.092543 -0.325727 0.940924 -34.737846 0.000000 0.000000 0.000000 1.000000
0.994008 0.010676 0.108781 -15.360523 -0.048432 0.935204 0.350782 62.396038 -0.097987 -0.353949 0.930117 -35.948654 0.000000 0.000000 0.000000 1.000000
0.992964 0.006977 0.118208 -15.435768 -0.051033 0.926011 0.374030 60.806839 -0.106852 -0.377431 0.919852 -37.252872 0.000000 0.000000 0.000000 1.000000
0.991927 0.003864 0.126754 -15.505595 -0.054565 0.915279 0.399108 59.105518 -0.114474 -0.402802 0.908100 -38.715622 0.000000 0.000000 0.000000 1.000000
0.991463 0.000999 0.130384 -15.661826 -0.057028 0.902574 0.426741 57.272202 -0.117255 -0.430533 0.894926 -40.273674 0.000000 0.000000 0.000000 1.000000
0.991047 -0.004783 0.133431 -15.747290 -0.057662 0.886026 0.460035 55.278488 -0.120424 -0.463610 0.877818 -41.915325 0.000000 0.000000 0.000000 1.000000
0.989850 -0.012432 0.141573 -15.837029 -0.060262 0.865462 0.497336 53.034664 -0.128709 -0.500819 0.855929 -43.727482 0.000000 0.000000 0.000000 1.000000
0.988409 -0.015959 0.150975 -15.960411 -0.067890 0.843023 0.533576 50.510433 -0.135791 -0.537641 0.832168 -45.609745 0.000000 0.000000 0.000000 1.000000
0.987388 -0.020463 0.156994 -16.078363 -0.074944 0.813069 0.577323 47.824017 -0.139460 -0.581807 0.801281 -47.615105 0.000000 0.000000 0.000000 1.000000
0.986393 -0.024237 0.162608 -16.175398 -0.084567 0.773393 0.628261 44.839729 -0.140987 -0.633464 0.760820 -49.773769 0.000000 0.000000 0.000000 1.000000
0.984192 -0.032302 0.174132 -16.321169 -0.095407 0.731659 0.674962 41.648933 -0.149208 -0.680905 0.717011 -52.064083 0.000000 0.000000 0.000000 1.000000
0.982721 -0.041589 0.180362 -16.424759 -0.104816 0.678094 0.727463 38.249512 -0.152557 -0.733797 0.662018 -54.640453 0.000000 0.000000 0.000000 1.000000
0.980795 -0.045712 0.189608 -16.520136 -0.121046 0.619607 0.775522 34.561790 -0.152933 -0.783580 0.602175 -57.616463 0.000000 0.000000 0.000000 1.000000
0.979105 -0.052218 0.196535 -16.740646 -0.133364 0.564712 0.814441 30.526564 -0.153514 -0.823634 0.545949 -60.884689 0.000000 0.000000 0.000000 1.000000
0.980462 -0.049613 0.190350 -16.876938 -0.139936 0.504164 0.852195 25.960911 -0.138247 -0.862182 0.487371 -64.634483 0.000000 0.000000 0.000000 1.000000
0.984644 -0.032462 0.171529 -17.024696 -0.139790 0.441937 0.886087 20.716068 -0.104569 -0.896458 0.430613 -68.640465 0.000000 0.000000 0.000000 1.000000
0.988213 -0.016001 0.152245 -17.225971 -0.135282 0.374181 0.917435 15.098137 -0.071647 -0.927218 0.367606 -72.795944 0.000000 0.000000 0.000000 1.000000
0.988620 -0.005025 0.150348 -17.584940 -0.144277 0.251276 0.957102 10.294540 -0.042588 -0.967903 0.247691 -76.439484 0.000000 0.000000 0.000000 1.000000
0.989153 -0.000748 0.146884 -17.714294 -0.146526 0.065009 0.987068 8.292580 -0.010287 -0.997884 0.064194 -78.601570 0.000000 0.000000 0.000000 1.000000
0.990518 0.007401 0.137181 -17.578947 -0.136734 -0.043636 0.989646 8.781538 0.013310 -0.999020 -0.042211 -80.101532 0.000000 0.000000 0.000000 1.000000
0.989404 0.001276 0.145180 -17.553375 -0.144459 -0.091272 0.985292 10.061649 0.014508 -0.995825 -0.090121 -81.818153 0.000000 0.000000 0.000000 1.000000
0.987878 -0.024938 0.153217 -17.839222 -0.155070 -0.203907 0.966631 11.128714 0.007136 -0.978673 -0.205302 -84.092041 0.000000 0.000000 0.000000 1.000000
0.987195 -0.036447 0.155301 -18.007303 -0.158692 -0.323471 0.932836 12.210241 0.016236 -0.945536 -0.325112 -86.579147 0.000000 0.000000 0.000000 1.000000
0.986506 -0.044769 0.157483 -18.050430 -0.163057 -0.355338 0.920406 13.209185 0.014754 -0.933665 -0.357843 -88.919922 0.000000 0.000000 0.000000 1.000000
0.985864 -0.047651 0.160627 -18.205868 -0.167130 -0.347211 0.922774 13.811234 0.011801 -0.936576 -0.350267 -90.832687 0.000000 0.000000 0.000000 1.000000
0.984148 -0.044655 0.171636 -18.380438 -0.176643 -0.333126 0.926188 13.894805 0.015818 -0.941824 -0.335733 -92.022217 0.000000 0.000000 0.000000 1.000000
0.982087 -0.042945 0.183466 -18.539106 -0.187575 -0.315259 0.930284 13.616872 0.017888 -0.948033 -0.317667 -92.704163 0.000000 0.000000 0.000000 1.000000
0.980288 -0.042375 0.192979 -18.569120 -0.196849 -0.293179 0.935573 13.044907 0.016933 -0.955118 -0.295741 -93.030464 0.000000 0.000000 0.000000 1.000000
0.979658 -0.040287 0.196590 -18.523499 -0.200155 -0.266689 0.942770 12.414697 0.014447 -0.962940 -0.269328 -92.958160 0.000000 0.000000 0.000000 1.000000
0.979759 -0.039248 0.196295 -18.565540 -0.199960 -0.237855 0.950495 11.829126 0.009385 -0.970507 -0.240888 -92.780724 0.000000 0.000000 0.000000 1.000000
0.979990 -0.038391 0.195307 -18.554293 -0.199036 -0.197890 0.959804 11.214795 0.001802 -0.979472 -0.201572 -92.468391 0.000000 0.000000 0.000000 1.000000
0.981873 -0.036723 0.185947 -18.407104 -0.189319 -0.142787 0.971478 10.536657 -0.009125 -0.989072 -0.147151 -91.948792 0.000000 0.000000 0.000000 1.000000
0.984709 -0.031749 0.171293 -18.360683 -0.173467 -0.087975 0.980902 9.981520 -0.016073 -0.995617 -0.092137 -91.168816 0.000000 0.000000 0.000000 1.000000
0.987588 -0.028208 0.154514 -18.482527 -0.155632 -0.042994 0.986879 9.703441 -0.021194 -0.998677 -0.046851 -90.192398 0.000000 0.000000 0.000000 1.000000
0.990563 -0.022636 0.135176 -18.661892 -0.135568 -0.016768 0.990626 9.562727 -0.020157 -0.999603 -0.019679 -89.282669 0.000000 0.000000 0.000000 1.000000
0.992552 -0.019600 0.120238 -18.778400 -0.120426 -0.008693 0.992684 9.597277 -0.018411 -0.999770 -0.010989 -88.442039 0.000000 0.000000 0.000000 1.000000
0.993675 -0.023905 0.109717 -18.960007 -0.109941 -0.008298 0.993903 9.788597 -0.022849 -0.999680 -0.010874 -87.697014 0.000000 0.000000 0.000000 1.000000
0.994615 -0.026626 0.100155 -19.174284 -0.100286 -0.003629 0.994952 9.957643 -0.026129 -0.999639 -0.006280 -87.136322 0.000000 0.000000 0.000000 1.000000
0.995363 -0.028185 0.091966 -19.341890 -0.091784 0.007682 0.995749 10.010201 -0.028771 -0.999573 0.005059 -86.800194 0.000000 0.000000 0.000000 1.000000
0.995922 -0.028736 0.085518 -19.438208 -0.085041 0.017422 0.996225 9.938153 -0.030118 -0.999435 0.014907 -86.698242 0.000000 0.000000 0.000000 1.000000
0.996324 -0.027956 0.080977 -19.488926 -0.080326 0.023681 0.996487 9.845364 -0.029775 -0.999329 0.021348 -86.798286 0.000000 0.000000 0.000000 1.000000
0.996512 -0.026828 0.079026 -19.517315 -0.078354 0.025210 0.996607 9.765571 -0.028729 -0.999322 0.023020 -87.001755 0.000000 0.000000 0.000000 1.000000
0.996543 -0.025270 0.079148 -19.521330 -0.078589 0.022412 0.996655 9.713513 -0.026960 -0.999429 0.020348 -87.214478 0.000000 0.000000 0.000000 1.000000
0.996387 -0.025098 0.081141 -19.507416 -0.080745 0.016417 0.996600 9.702654 -0.026345 -0.999550 0.014331 -87.402306 0.000000 0.000000 0.000000 1.000000
0.996132 -0.025722 0.084022 -19.477661 -0.083771 0.010679 0.996428 9.704854 -0.026528 -0.999612 0.008483 -87.548279 0.000000 0.000000 0.000000 1.000000
0.995733 -0.025957 0.088554 -19.442848 -0.088393 0.007288 0.996059 9.683674 -0.026500 -0.999636 0.004963 -87.683578 0.000000 0.000000 0.000000 1.000000
0.995285 -0.025557 0.093571 -19.403467 -0.093421 0.006980 0.995602 9.654840 -0.026097 -0.999649 0.004559 -87.850174 0.000000 0.000000 0.000000 1.000000
0.994933 -0.025568 0.097238 -19.335163 -0.097040 0.008851 0.995241 9.626390 -0.026307 -0.999634 0.006325 -87.973015 0.000000 0.000000 0.000000 1.000000
0.994583 -0.025466 0.100778 -19.276859 -0.100524 0.011058 0.994873 9.617949 -0.026450 -0.999615 0.008439 -88.032448 0.000000 0.000000 0.000000 1.000000
0.994406 -0.025213 0.102576 -19.224443 -0.102278 0.012848 0.994673 9.633390 -0.026397 -0.999600 0.010197 -88.034554 0.000000 0.000000 0.000000 1.000000
0.994323 -0.025465 0.103315 -19.192375 -0.102986 0.013926 0.994585 9.652906 -0.026766 -0.999579 0.011225 -87.985504 0.000000 0.000000 0.000000 1.000000
0.994275 -0.025509 0.103759 -19.186420 -0.103397 0.015133 0.994525 9.666995 -0.026939 -0.999560 0.012409 -87.942856 0.000000 0.000000 0.000000 1.000000
0.994279 -0.025531 0.103715 -19.197096 -0.103318 0.016421 0.994513 9.671837 -0.027094 -0.999539 0.013690 -87.916298 0.000000 0.000000 0.000000 1.000000
0.994303 -0.025612 0.103463 -19.223166 -0.103036 0.017496 0.994524 9.670610 -0.027282 -0.999519 0.014758 -87.904854 0.000000 0.000000 0.000000 1.000000
0.994368 -0.025567 0.102850 -19.254564 -0.102414 0.017825 0.994582 9.665592 -0.027261 -0.999514 0.015106 -87.911926 0.000000 0.000000 0.000000 1.000000
0.994446 -0.025281 0.102165 -19.286339 -0.101743 0.017433 0.994658 9.657221 -0.026927 -0.999528 0.014764 -87.934364 0.000000 0.000000 0.000000 1.000000
0.994501 -0.024824 0.101746 -19.317398 -0.101344 0.016921 0.994707 9.653057 -0.026414 -0.999549 0.014312 -87.958298 0.000000 0.000000 0.000000 1.000000
0.994559 -0.024399 0.101281 -19.340517 -0.100899 0.016415 0.994761 9.653568 -0.025934 -0.999568 0.013864 -87.971970 0.000000 0.000000 0.000000 1.000000
0.994632 -0.023823 0.100697 -19.354137 -0.100333 0.016011 0.994825 9.656077 -0.025312 -0.999588 0.013534 -87.971504 0.000000 0.000000 0.000000 1.000000
0.994687 -0.023433 0.100245 -19.359135 -0.099881 0.016224 0.994867 9.656477 -0.024939 -0.999594 0.013797 -87.961227 0.000000 0.000000 0.000000 1.000000
0.994704 -0.023503 0.100057 -19.357471 -0.099684 0.016522 0.994882 9.658208 -0.025036 -0.999587 0.014092 -87.946533 0.000000 0.000000 0.000000 1.000000
0.994705 -0.023776 0.099979 -19.354313 -0.099593 0.016914 0.994885 9.660814 -0.025345 -0.999574 0.014456 -87.929192 0.000000 0.000000 0.000000 1.000000
0.994687 -0.024023 0.100099 -19.351549 -0.099699 0.017306 0.994867 9.661647 -0.025632 -0.999562 0.014819 -87.912773 0.000000 0.000000 0.000000 1.000000
0.994657 -0.024222 0.100350 -19.348227 -0.099938 0.017672 0.994837 9.659500 -0.025870 -0.999550 0.015157 -87.902367 0.000000 0.000000 0.000000 1.000000
0.994638 -0.024291 0.100528 -19.346275 -0.100110 0.017851 0.994816 9.657368 -0.025960 -0.999546 0.015323 -87.898582 0.000000 0.000000 0.000000 1.000000
0.994621 -0.024252 0.100702 -19.344488 -0.100286 0.017800 0.994799 9.655471 -0.025919 -0.999547 0.015272 -87.899567 0.000000 0.000000 0.000000 1.000000
0.994612 -0.024097 0.100830 -19.342937 -0.100420 0.017700 0.994788 9.651995 -0.025756 -0.999553 0.015185 -87.905556 0.000000 0.000000 0.000000 1.000000
0.994590 -0.023953 0.101081 -19.340685 -0.100669 0.017817 0.994760 9.649273 -0.025628 -0.999554 0.015309 -87.912567 0.000000 0.000000 0.000000 1.000000
0.994567 -0.023885 0.101321 -19.338850 -0.100907 0.017942 0.994734 9.648262 -0.025577 -0.999554 0.015434 -87.916702 0.000000 0.000000 0.000000 1.000000
0.994555 -0.023855 0.101443 -19.338009 -0.101027 0.018048 0.994720 9.647175 -0.025560 -0.999553 0.015540 -87.916763 0.000000 0.000000 0.000000 1.000000
0.994555 -0.023824 0.101451 -19.338057 -0.101032 0.018178 0.994717 9.645719 -0.025542 -0.999551 0.015672 -87.914825 0.000000 0.000000 0.000000 1.000000
0.994569 -0.023893 0.101301 -19.337507 -0.100880 0.018239 0.994731 9.644753 -0.025615 -0.999548 0.015729 -87.913605 0.000000 0.000000 0.000000 1.000000
0.994587 -0.024119 0.101068 -19.334511 -0.100641 0.018288 0.994755 9.641793 -0.025841 -0.999542 0.015762 -87.912209 0.000000 0.000000 0.000000 1.000000
0.994605 -0.024387 0.100826 -19.331247 -0.100391 0.018431 0.994777 9.638805 -0.026118 -0.999533 0.015883 -87.910675 0.000000 0.000000 0.000000 1.000000
0.994608 -0.024521 0.100766 -19.331978 -0.100324 0.018657 0.994780 9.638970 -0.026273 -0.999525 0.016096 -87.909927 0.000000 0.000000 0.000000 1.000000
0.994620 -0.024655 0.100615 -19.332952 -0.100164 0.018873 0.994792 9.639925 -0.026426 -0.999518 0.016302 -87.911148 0.000000 0.000000 0.000000 1.000000
0.994626 -0.024695 0.100543 -19.334650 -0.100087 0.019083 0.994796 9.641408 -0.026485 -0.999513 0.016508 -87.912079 0.000000 0.000000 0.000000 1.000000
0.994615 -0.024665 0.100659 -19.337849 -0.100196 0.019313 0.994780 9.643819 -0.026480 -0.999509 0.016738 -87.912384 0.000000 0.000000 0.000000 1.000000
0.994626 -0.024652 0.100557 -19.341764 -0.100093 0.019392 0.994789 9.647275 -0.026474 -0.999508 0.016820 -87.913132 0.000000 0.000000 0.000000 1.000000
0.994634 -0.024549 0.100497 -19.345051 -0.100035 0.019395 0.994795 9.651327 -0.026370 -0.999510 0.016835 -87.914444 0.000000 0.000000 0.000000 1.000000
0.994633 -0.024505 0.100524 -19.346661 -0.100063 0.019344 0.994793 9.654291 -0.026322 -0.999513 0.016788 -87.915230 0.000000 0.000000 0.000000 1.000000
0.994633 -0.024570 0.100503 -19.347328 -0.100045 0.019205 0.994798 9.655075 -0.026373 -0.999514 0.016644 -87.914886 0.000000 0.000000 0.000000 1.000000
0.994629 -0.024728 0.100506 -19.347624 -0.100051 0.019012 0.994801 9.654961 -0.026511 -0.999513 0.016436 -87.913620 0.000000 0.000000 0.000000 1.000000
0.994625 -0.024807 0.100529 -19.347288 -0.100077 0.018821 0.994802 9.654135 -0.026570 -0.999515 0.016237 -87.912651 0.000000 0.000000 0.000000 1.000000
0.994622 -0.024750 0.100575 -19.347115 -0.100127 0.018728 0.994798 9.652679 -0.026505 -0.999518 0.016149 -87.912178 0.000000 0.000000 0.000000 1.000000
0.994622 -0.024661 0.100596 -19.347353 -0.100149 0.018734 0.994796 9.651797 -0.026417 -0.999520 0.016164 -87.912155 0.000000 0.000000 0.000000 1.000000
0.994624 -0.024557 0.100602 -19.347979 -0.100155 0.018808 0.994794 9.651288 -0.026322 -0.999521 0.016248 -87.912773 0.000000 0.000000 0.000000 1.000000
0.994626 -0.024394 0.100619 -19.348751 -0.100171 0.018927 0.994790 9.649787 -0.026171 -0.999523 0.016381 -87.912842 0.000000 0.000000 0.000000 1.000000
0.994630 -0.024263 0.100611 -19.349623 -0.100162 0.019059 0.994789 9.647546 -0.026054 -0.999524 0.016527 -87.912392 0.000000 0.000000 0.000000 1.000000
0.994635 -0.024215 0.100572 -19.350006 -0.100121 0.019159 0.994791 9.645557 -0.026016 -0.999523 0.016632 -87.912048 0.000000 0.000000 0.000000 1.000000
0.994641 -0.024255 0.100502 -19.348848 -0.100049 0.019201 0.994797 9.642127 -0.026058 -0.999521 0.016672 -87.910980 0.000000 0.000000 0.000000 1.000000
0.994657 -0.024322 0.100328 -19.346350 -0.099875 0.019180 0.994815 9.638622 -0.026120 -0.999520 0.016648 -87.909943 0.000000 0.000000 0.000000 1.000000
0.994668 -0.024307 0.100222 -19.345148 -0.099771 0.019128 0.994827 9.636058 -0.026099 -0.999522 0.016601 -87.909706 0.000000 0.000000 0.000000 1.000000</float_array><technique_common><accessor source="#Zombie_Hips-Matrix-animation-output-transform-array" count="139" stride="16"><param type="float4x4"/></accessor></technique_common></source><source id="Zombie_Hips-Interpolations"><Name_array id="Zombie_Hips-Interpolations-array" count="139">
 LINEAR LINEAR LINEAR LINEAR LINEAR LINEAR LINEAR LINEAR LINEAR LINEAR LINEAR
LINEAR LINEAR LINEAR LINEAR LINEAR LINEAR LINEAR LINEAR LINEAR LINEAR LINEAR LINEAR
LINEAR LINEAR LINEAR LINEAR LINEAR LINEAR LINEAR LINEAR LINEAR LINEAR LINEAR LINEAR
LINEAR LINEAR LINEAR LINEAR LINEAR LINEAR LINEAR LINEAR LINEAR LINEAR LINEAR LINEAR
LINEAR LINEAR LINEAR LINEAR LINEAR LINEAR LINEAR LINEAR LINEAR LINEAR LINEAR LINEAR
LINEAR LINEAR LINEAR LINEAR LINEAR LINEAR LINEAR LINEAR LINEAR LINEAR LINEAR LINEAR
LINEAR LINEAR LINEAR LINEAR LINEAR LINEAR LINEAR LINEAR LINEAR LINEAR LINEAR LINEAR
LINEAR LINEAR LINEAR LINEAR LINEAR LINEAR LINEAR LINEAR LINEAR LINEAR LINEAR LINEAR
LINEAR LINEAR LINEAR LINEAR LINEAR LINEAR LINEAR LINEAR LINEAR LINEAR LINEAR LINEAR
LINEAR LINEAR LINEAR LINEAR LINEAR LINEAR LINEAR LINEAR LINEAR LINEAR LINEAR LINEAR
LINEAR LINEAR LINEAR LINEAR LINEAR LINEAR LINEAR LINEAR LINEAR LINEAR LINEAR LINEAR
LINEAR LINEAR LINEAR LINEAR LINEAR LINEAR LINEAR LINEAR</Name_array><technique_common><accessor source="#Zombie_Hips-Interpolations-array" count="139"><param type="name"/></accessor></technique_common></source><sampler id="Zombie_Hips-Matrix-animation-transform"><input semantic="INPUT" source="#Zombie_Hips-Matrix-animation-input"/><input semantic="OUTPUT" source="#Zombie_Hips-Matrix-animation-output-transform"/><input semantic="INTERPOLATION" source="#Zombie_Hips-Interpolations"/></sampler><channel source="#Zombie_Hips-Matrix-animation-transform" target="Zombie_Hips/matrix"/></animation>
    <animation id="Zombie_Spine-anim" name="Zombie_Spine"><source id="Zombie_Spine-Matrix-animation-input"><float_array id="Zombie_Spine-Matrix-animation-input-array" count="139">

0.000000 0.033333 0.066667 0.100000 0.133333 0.166667 0.200000 0.233333 0.266667 0.300000 0.333333 0.366667 0.400000 0.433333 0.466667 0.500000
0.533333 0.566667 0.600000 0.633333 0.666667 0.700000 0.733333 0.766667 0.800000 0.833333 0.866667 0.900000 0.933333 0.966667 1.000000 1.033333
1.066667 1.100000 1.133333 1.166667 1.200000 1.233333 1.266667 1.300000 1.333333 1.366667 1.400000 1.433333 1.466667 1.500000 1.533333 1.566667
1.600000 1.633333 1.666667 1.700000 1.733333 1.766667 1.800000 1.833333 1.866667 1.900000 1.933333 1.966667 2.000000 2.033333 2.066667 2.100000
2.133333 2.166667 2.200000 2.233333 2.266667 2.300000 2.333333 2.366667 2.400000 2.433333 2.466667 2.500000 2.533333 2.566667 2.600000 2.633333
2.666667 2.700000 2.733333 2.766667 2.800000 2.833333 2.866667 2.900000 2.933333 2.966667 3.000000 3.033333 3.066667 3.100000 3.133333 3.166667
3.200000 3.233333 3.266667 3.300000 3.333333 3.366667 3.400000 3.433333 3.466667 3.500000 3.533333 3.566667 3.600000 3.633333 3.666667 3.700000
3.733333 3.766667 3.800000 3.833333 3.866667 3.900000 3.933333 3.966667 4.000000 4.033333 4.066667 4.100000 4.133333 4.166667 4.200000 4.233333
4.266667 4.300000 4.333333 4.366667 4.400000 4.433333 4.466667 4.500000 4.533333 4.566667 4.600000</float_array><technique_common><accessor source="#Zombie_Spine-Matrix-animation-input-array" count="139"><param name="TIME" type="float"/></accessor></technique_common></source><source id="Zombie_Spine-Matrix-animation-output-transform"><float_array id="Zombie_Spine-Matrix-animation-output-transform-array" count="2224">

0.999951 -0.008215 -0.005447 0.000000 0.008392 0.999413 0.033225 9.226300 0.005171 -0.033269 0.999433 1.577100 0.000000 0.000000 0.000000 1.000000
0.999950 -0.008328 -0.005557 0.000000 0.008509 0.999409 0.033296 9.226300 0.005277 -0.033341 0.999430 1.577100 0.000000 0.000000 0.000000 1.000000
0.999947 -0.008457 -0.005826 0.000000 0.008647 0.999401 0.033508 9.226300 0.005539 -0.033556 0.999421 1.577100 0.000000 0.000000 0.000000 1.000000
0.999945 -0.008590 -0.006051 0.000000 0.008788 0.999398 0.033565 9.226300 0.005759 -0.033616 0.999418 1.577100 0.000000 0.000000 0.000000 1.000000
0.999943 -0.008641 -0.006348 0.000000 0.008849 0.999395 0.033629 9.226300 0.006054 -0.033683 0.999414 1.577100 0.000000 0.000000 0.000000 1.000000
0.999941 -0.008732 -0.006490 0.000000 0.008945 0.999396 0.033587 9.226300 0.006193 -0.033643 0.999415 1.577100 0.000000 0.000000 0.000000 1.000000
0.999940 -0.008757 -0.006632 0.000000 0.008974 0.999399 0.033478 9.226300 0.006335 -0.033536 0.999417 1.577100 0.000000 0.000000 0.000000 1.000000
0.999939 -0.008817 -0.006596 0.000000 0.009032 0.999407 0.033227 9.226300 0.006299 -0.033285 0.999426 1.577100 0.000000 0.000000 0.000000 1.000000
0.999940 -0.008865 -0.006422 -0.000000 0.009072 0.999416 0.032959 9.226300 0.006126 -0.033015 0.999436 1.577100 0.000000 0.000000 0.000000 1.000000
0.999942 -0.008926 -0.006078 -0.000000 0.009120 0.999425 0.032669 9.226300 0.005783 -0.032723 0.999448 1.577100 0.000000 0.000000 0.000000 1.000000
0.999944 -0.008988 -0.005659 -0.000000 0.009166 0.999435 0.032341 9.226300 0.005365 -0.032391 0.999461 1.577100 0.000000 0.000000 0.000000 1.000000
0.999947 -0.008987 -0.005081 -0.000000 0.009144 0.999450 0.031866 9.226300 0.004792 -0.031911 0.999479 1.577100 0.000000 0.000000 0.000000 1.000000
0.999947 -0.009247 -0.004464 0.000000 0.009382 0.999468 0.031244 9.226300 0.004173 -0.031284 0.999502 1.577100 0.000000 0.000000 0.000000 1.000000
0.999943 -0.009709 -0.004486 0.000000 0.009839 0.999506 0.029846 9.226300 0.004194 -0.029889 0.999544 1.577100 0.000000 0.000000 0.000000 1.000000
0.999935 -0.010386 -0.004768 0.000000 0.010518 0.999541 0.028413 9.226300 0.004471 -0.028461 0.999585 1.577100 0.000000 0.000000 0.000000 1.000000
0.999924 -0.011030 -0.005504 0.000000 0.011169 0.999599 0.026006 9.226300 0.005215 -0.026065 0.999647 1.577100 0.000000 0.000000 0.000000 1.000000
0.999911 -0.011786 -0.006246 0.000000 0.011916 0.999705 0.021152 9.226300 0.005995 -0.021224 0.999757 1.577100 0.000000 0.000000 0.000000 1.000000
0.999898 -0.012687 -0.006503 0.000000 0.012765 0.999846 0.012051 9.226300 0.006349 -0.012133 0.999906 1.577100 0.000000 0.000000 0.000000 1.000000
0.999878 -0.014313 -0.006316 0.000000 0.014279 0.999883 -0.005441 9.226300 0.006393 0.005351 0.999965 1.577100 0.000000 0.000000 0.000000 1.000000
0.999857 -0.016176 -0.004945 -0.000000 0.015986 0.999208 -0.036433 9.226300 0.005531 0.036349 0.999324 1.577100 0.000000 0.000000 0.000000 1.000000
0.999836 -0.018082 -0.001342 0.000000 0.017934 0.997116 -0.073738 9.226300 0.002672 0.073702 0.997277 1.577100 0.000000 0.000000 0.000000 1.000000
0.999767 -0.021518 0.001864 0.000000 0.021595 0.994136 -0.105957 9.226300 0.000427 0.105972 0.994369 1.577100 0.000000 0.000000 0.000000 1.000000
0.999634 -0.026997 0.001744 0.000000 0.026991 0.990851 -0.132234 9.226300 0.001842 0.132232 0.991217 1.577100 0.000000 0.000000 0.000000 1.000000
0.999488 -0.031799 0.003493 0.000000 0.031953 0.987032 -0.157310 9.226300 0.001555 0.157341 0.987543 1.577100 0.000000 0.000000 0.000000 1.000000
0.999276 -0.036310 0.011376 0.000000 0.037746 0.983674 -0.175956 9.226300 -0.004802 0.176258 0.984332 1.577100 0.000000 0.000000 0.000000 1.000000
0.998971 -0.040367 0.020685 0.000000 0.043528 0.981408 -0.186931 9.226300 -0.012755 0.187639 0.982155 1.577100 0.000000 0.000000 0.000000 1.000000
0.998746 -0.042369 0.026675 -0.000000 0.046747 0.979921 -0.193830 9.226300 -0.017927 0.194834 0.980672 1.577100 0.000000 0.000000 0.000000 1.000000
0.998664 -0.043380 0.028090 0.000000 0.048120 0.978764 -0.199260 9.226300 -0.018850 0.200346 0.979544 1.577100 0.000000 0.000000 0.000000 1.000000
0.998662 -0.044415 0.026498 0.000000 0.048909 0.977616 -0.204636 9.226300 -0.016816 0.205658 0.978479 1.577100 0.000000 0.000000 0.000000 1.000000
0.998605 -0.045783 0.026300 0.000000 0.050275 0.976681 -0.208724 9.226300 -0.016131 0.209756 0.977621 1.577100 0.000000 0.000000 0.000000 1.000000
0.998494 -0.047477 0.027474 0.000000 0.052224 0.976003 -0.211403 9.226300 -0.016778 0.212520 0.977013 1.577100 0.000000 0.000000 0.000000 1.000000
0.998395 -0.048542 0.029186 0.000000 0.053635 0.975858 -0.211717 9.226300 -0.018204 0.212943 0.976895 1.577100 0.000000 0.000000 0.000000 1.000000
0.998409 -0.047684 0.030094 0.000000 0.052983 0.975980 -0.211321 9.226300 -0.019295 0.212579 0.976953 1.577100 0.000000 0.000000 0.000000 1.000000
0.998442 -0.046759 0.030439 0.000000 0.052155 0.975988 -0.211487 9.226300 -0.019819 0.212745 0.976907 1.577100 0.000000 0.000000 0.000000 1.000000
0.998412 -0.047007 0.031037 0.000000 0.052554 0.975659 -0.212904 9.226300 -0.020273 0.214198 0.976580 1.577100 0.000000 0.000000 0.000000 1.000000
0.998341 -0.048127 0.031609 0.000000 0.053837 0.974897 -0.216052 9.226300 -0.020417 0.217395 0.975870 1.577100 0.000000 0.000000 0.000000 1.000000
0.998281 -0.048734 0.032566 0.000000 0.054699 0.974223 -0.218854 9.226300 -0.021061 0.220259 0.975214 1.577100 0.000000 0.000000 0.000000 1.000000
0.998274 -0.048851 0.032584 0.000000 0.054857 0.973804 -0.220672 9.226300 -0.020950 0.222079 0.974804 1.577100 0.000000 0.000000 0.000000 1.000000
0.998336 -0.048095 0.031806 0.000000 0.054004 0.973220 -0.223444 9.226300 -0.020208 0.224790 0.974198 1.577100 0.000000 0.000000 0.000000 1.000000
0.998444 -0.046278 0.031125 0.000000 0.052091 0.973198 -0.223991 9.226300 -0.019925 0.225264 0.974094 1.577100 0.000000 0.000000 0.000000 1.000000
0.998526 -0.044663 0.030837 0.000000 0.050432 0.973509 -0.223017 9.226300 -0.020059 0.224244 0.974327 1.577100 0.000000 0.000000 0.000000 1.000000
0.998561 -0.043373 0.031531 0.000000 0.049316 0.973701 -0.222428 9.226300 -0.021054 0.223663 0.974439 1.577100 0.000000 0.000000 0.000000 1.000000
0.998526 -0.043319 0.032688 0.000000 0.049522 0.973700 -0.222386 9.226300 -0.022195 0.223677 0.974411 1.577100 0.000000 0.000000 0.000000 1.000000
0.998387 -0.045368 0.034122 -0.000000 0.051895 0.973047 -0.224692 9.226300 -0.023008 0.226100 0.973832 1.577100 0.000000 0.000000 0.000000 1.000000
0.998321 -0.046062 0.035123 0.000000 0.052839 0.972614 -0.226341 9.226300 -0.023736 0.227817 0.973415 1.577100 0.000000 0.000000 0.000000 1.000000
0.998327 -0.045773 0.035326 0.000000 0.052600 0.972670 -0.226155 9.226300 -0.024009 0.227635 0.973450 1.577100 0.000000 0.000000 0.000000 1.000000
0.998337 -0.045627 0.035224 0.000000 0.052426 0.972757 -0.225823 9.226300 -0.023960 0.227294 0.973531 1.577100 0.000000 0.000000 0.000000 1.000000
0.998339 -0.045982 0.034699 0.000000 0.052637 0.972895 -0.225177 9.226300 -0.023405 0.226629 0.973700 1.577100 0.000000 0.000000 0.000000 1.000000
0.998345 -0.046546 0.033776 -0.000000 0.052922 0.973426 -0.222803 9.226300 -0.022508 0.224222 0.974278 1.577100 0.000000 0.000000 0.000000 1.000000
0.998342 -0.045993 0.034613 0.000000 0.052560 0.973548 -0.222356 9.226300 -0.023470 0.223806 0.974351 1.577100 0.000000 0.000000 0.000000 1.000000
0.998314 -0.044392 0.037397 0.000000 0.051629 0.973541 -0.222603 9.226300 -0.026526 0.224159 0.974192 1.577100 0.000000 0.000000 0.000000 1.000000
0.998323 -0.042325 0.039500 -0.000000 0.050066 0.973765 -0.221978 9.226300 -0.029069 0.223583 0.974251 1.577100 0.000000 0.000000 0.000000 1.000000
0.998285 -0.042127 0.040657 -0.000000 0.050105 0.973969 -0.221075 9.226300 -0.030285 0.222733 0.974409 1.577100 0.000000 0.000000 0.000000 1.000000
0.998165 -0.043993 0.041601 -0.000000 0.052096 0.974146 -0.219831 9.226300 -0.030855 0.221595 0.974651 1.577100 0.000000 0.000000 0.000000 1.000000
0.998009 -0.045873 0.043287 0.000000 0.054278 0.974218 -0.218984 9.226300 -0.032125 0.220898 0.974768 1.577100 0.000000 0.000000 0.000000 1.000000
0.997932 -0.047614 0.043177 0.000000 0.055940 0.974210 -0.218599 9.226300 -0.031655 0.220563 0.974859 1.577100 0.000000 0.000000 0.000000 1.000000
0.997876 -0.049817 0.041977 0.000000 0.057766 0.974541 -0.216642 9.226300 -0.030116 0.218607 0.975348 1.577100 0.000000 0.000000 0.000000 1.000000
0.997790 -0.052508 0.040708 0.000000 0.060019 0.975130 -0.213354 9.226300 -0.028492 0.215326 0.976126 1.577100 0.000000 0.000000 0.000000 1.000000
0.997776 -0.055776 0.036500 0.000000 0.062188 0.976053 -0.208456 9.226300 -0.023999 0.210263 0.977350 1.577100 0.000000 0.000000 0.000000 1.000000
0.997549 -0.059411 0.036965 0.000000 0.065681 0.977195 -0.201930 9.226300 -0.024125 0.203863 0.978702 1.577100 0.000000 0.000000 0.000000 1.000000
0.997359 -0.062220 0.037462 -0.000000 0.068391 0.978186 -0.196147 9.226300 -0.024440 0.198192 0.979859 1.577100 0.000000 0.000000 0.000000 1.000000
0.997270 -0.064808 0.035390 0.000000 0.070336 0.979633 -0.188073 9.226300 -0.022481 0.190048 0.981517 1.577100 0.000000 0.000000 0.000000 1.000000
0.997058 -0.069630 0.032031 -0.000000 0.074271 0.980959 -0.179455 9.226300 -0.018925 0.181306 0.983245 1.577100 0.000000 0.000000 0.000000 1.000000
0.996689 -0.077742 0.023805 -0.000000 0.080780 0.980079 -0.181438 9.226300 -0.009225 0.182760 0.983114 1.577100 0.000000 0.000000 0.000000 1.000000
0.996704 -0.079894 0.014103 0.000000 0.081128 0.980584 -0.178532 9.226300 0.000435 0.179088 0.983833 1.577100 0.000000 0.000000 0.000000 1.000000
0.997486 -0.070819 -0.002364 0.000000 0.069818 0.987993 -0.137822 9.226300 0.012096 0.137310 0.990454 1.577100 0.000000 0.000000 0.000000 1.000000
0.998374 -0.055033 -0.014868 0.000000 0.053500 0.994597 -0.088960 9.226300 0.019683 0.088020 0.995924 1.577100 0.000000 0.000000 0.000000 1.000000
0.999067 -0.041524 -0.011831 0.000000 0.040283 0.995058 -0.090758 9.226300 0.015541 0.090197 0.995803 1.577100 0.000000 0.000000 0.000000 1.000000
0.999324 -0.035749 -0.008603 0.000000 0.034446 0.992041 -0.121115 9.226300 0.012864 0.120737 0.992601 1.577100 0.000000 0.000000 0.000000 1.000000
0.999397 -0.033102 -0.010520 0.000000 0.031460 0.991049 -0.129740 9.226300 0.014721 0.129330 0.991492 1.577100 0.000000 0.000000 0.000000 1.000000
0.999485 -0.029602 -0.012415 0.000000 0.027910 0.992446 -0.119462 9.226300 0.015858 0.119054 0.992761 1.577100 0.000000 0.000000 0.000000 1.000000
0.999494 -0.028773 -0.013567 0.000000 0.027091 0.993443 -0.111072 9.226300 0.016673 0.110648 0.993720 1.577100 0.000000 0.000000 0.000000 1.000000
0.999456 -0.029764 -0.014218 0.000000 0.028102 0.994029 -0.105435 9.226300 0.017271 0.104979 0.994325 1.577100 0.000000 0.000000 0.000000 1.000000
0.999403 -0.032047 -0.012942 -0.000000 0.030613 0.994626 -0.098904 9.226300 0.016042 0.098448 0.995013 1.577100 0.000000 0.000000 0.000000 1.000000
0.999352 -0.034406 -0.010592 -0.000000 0.033289 0.995206 -0.091965 9.226300 0.013706 0.091553 0.995706 1.577100 0.000000 0.000000 0.000000 1.000000
0.999363 -0.034133 -0.010417 0.000000 0.033133 0.995873 -0.084499 9.226300 0.013258 0.084100 0.996369 1.577100 0.000000 0.000000 0.000000 1.000000
0.999413 -0.031935 -0.012433 -0.000000 0.030942 0.996836 -0.073218 9.226300 0.014731 0.072790 0.997238 1.577100 0.000000 0.000000 0.000000 1.000000
0.999468 -0.029256 -0.014418 0.000000 0.028391 0.997975 -0.056928 9.226300 0.016055 0.056488 0.998274 1.577100 0.000000 0.000000 0.000000 1.000000
0.999527 -0.027017 -0.014704 -0.000000 0.026414 0.998861 -0.039739 9.226300 0.015761 0.039332 0.999102 1.577100 0.000000 0.000000 0.000000 1.000000
0.999624 -0.024542 -0.012203 0.000000 0.024213 0.999357 -0.026459 9.226300 0.012844 0.026154 0.999575 1.577100 0.000000 0.000000 0.000000 1.000000
0.999721 -0.021984 -0.008607 0.000000 0.021817 0.999581 -0.019005 9.226300 0.009021 0.018812 0.999782 1.577100 0.000000 0.000000 0.000000 1.000000
0.999778 -0.020215 -0.005878 0.000000 0.020117 0.999665 -0.016263 9.226300 0.006205 0.016142 0.999850 1.577100 0.000000 0.000000 0.000000 1.000000
0.999840 -0.017321 -0.004501 -0.000000 0.017248 0.999729 -0.015661 9.226300 0.004771 0.015581 0.999867 1.577100 0.000000 0.000000 0.000000 1.000000
0.999889 -0.014383 -0.003814 -0.000000 0.014326 0.999791 -0.014569 9.226300 0.004023 0.014513 0.999887 1.577100 0.000000 0.000000 0.000000 1.000000
0.999924 -0.012007 -0.002802 -0.000000 0.011974 0.999861 -0.011616 9.226300 0.002941 0.011581 0.999929 1.577100 0.000000 0.000000 0.000000 1.000000
0.999940 -0.010840 -0.001499 0.000000 0.010827 0.999906 -0.008418 9.226300 0.001590 0.008401 0.999963 1.577100 0.000000 0.000000 0.000000 1.000000
0.999938 -0.011157 -0.000463 -0.000000 0.011153 0.999914 -0.006949 9.226300 0.000541 0.006943 0.999976 1.577100 0.000000 0.000000 0.000000 1.000000
0.999925 -0.012240 0.000063 0.000000 0.012240 0.999899 -0.007228 9.226300 0.000025 0.007228 0.999974 1.577100 0.000000 0.000000 0.000000 1.000000
