<?xml version="1.0" encoding="utf-8"?>
<COLLADA xmlns="http://www.collada.org/2005/11/COLLADASchema" version="1.4.1">
  <asset><contributor><author>Mixamo</author><authoring_tool>COLLADA Mixamo exporter</authoring_tool><comments></comments></contributor><created>2018-12-18T20:05:07Z</created><modified>2018-12-18T20:05:07Z</modified><revision></revision><title></title><unit meter="0.010000"/><up_axis>Y_UP</up_axis></asset>
  <library_animations>
    <animation id="Zombie_Hips-anim" name="Zombie_Hips"><source id="Zombie_Hips-Matrix-animation-input"><float_array id="Zombie_Hips-Matrix-animation-input-array" count="29">

0.000000 0.033333 0.066667 0.100000 0.133333 0.166667 0.200000 0.233333 0.266667 0.300000 0.333333 0.366667 0.400000 0.433333 0.466667 0.500000
0.533333 0.566667 0.600000 0.633333 0.666667 0.700000 0.733333 0.766667 0.800000 0.833333 0.866667 0.900000 0.933333</float_array><technique_common><accessor source="#Zombie_Hips-Matrix-animation-input-array" count="29"><param name="TIME" type="float"/></accessor></technique_common></source><source id="Zombie_Hips-Matrix-animation-output-transform"><float_array id="Zombie_Hips-Matrix-animation-output-transform-array" count="464">

0.992449 0.061043 -0.106387 0.025016 -0.054297 0.996394 0.065193 95.578415 0.109983 -0.058924 0.992185 0.012271 0.000000 0.000000 0.000000 1.000000
0.997879 0.052012 -0.039155 -0.140164 -0.049963 0.997417 0.051613 95.456596 0.041738 -0.049547 0.997899 -0.731689 0.000000 0.000000 0.000000 1.000000
0.998328 0.046321 0.034565 -0.469546 -0.047754 0.997981 0.041868 95.275986 -0.032556 -0.043449 0.998525 -1.507223 0.000000 0.000000 0.000000 1.000000
0.993421 0.039782 0.107386 -0.973793 -0.043891 0.998381 0.036173 95.258957 -0.105773 -0.040648 0.993559 -2.401708 0.000000 0.000000 0.000000 1.000000
0.984378 0.031634 0.173202 -1.635888 -0.038084 0.998695 0.034040 95.425079 -0.171899 -0.040105 0.984298 -3.356181 0.000000 0.000000 0.000000 1.000000
0.972796 0.025176 0.230290 -2.364387 -0.034057 0.998818 0.034671 95.544807 -0.229144 -0.041571 0.972504 -4.293726 0.000000 0.000000 0.000000 1.000000
0.960048 0.023978 0.278807 -3.061450 -0.035668 0.998681 0.036928 95.484192 -0.277554 -0.045397 0.959637 -5.176385 0.000000 0.000000 0.000000 1.000000
0.946406 0.026490 0.321890 -3.692415 -0.041266 0.998380 0.039168 95.313972 -0.320331 -0.050352 0.945967 -6.025498 0.000000 0.000000 0.000000 1.000000
0.930412 0.029218 0.365349 -4.242927 -0.047595 0.998009 0.041392 95.112579 -0.363412 -0.055901 0.929950 -6.861313 0.000000 0.000000 0.000000 1.000000
0.911787 0.030165 0.409554 -4.672837 -0.053576 0.997513 0.045806 94.939003 -0.407154 -0.063708 0.911135 -7.647701 0.000000 0.000000 0.000000 1.000000
0.893065 0.028021 0.449054 -4.911049 -0.057853 0.996925 0.052849 94.868927 -0.446193 -0.073177 0.891940 -8.365984 0.000000 0.000000 0.000000 1.000000
0.876373 0.023030 0.481082 -4.870674 -0.059400 0.996399 0.060508 94.893524 -0.477956 -0.081604 0.874585 -9.062028 0.000000 0.000000 0.000000 1.000000
0.860228 0.015540 0.509672 -4.637710 -0.057756 0.996072 0.067111 94.927025 -0.506628 -0.087167 0.857747 -9.778639 0.000000 0.000000 0.000000 1.000000
0.840333 0.003686 0.542059 -4.471630 -0.050953 0.996087 0.072218 94.815552 -0.539671 -0.088306 0.837232 -10.443079 0.000000 0.000000 0.000000 1.000000
0.813622 -0.006467 0.581358 -4.441788 -0.048102 0.995761 0.078396 94.622688 -0.579401 -0.091749 0.809862 -10.948161 0.000000 0.000000 0.000000 1.000000
0.778347 -0.013288 0.627694 -4.460702 -0.052397 0.994913 0.086034 94.525703 -0.625644 -0.099854 0.773692 -11.267200 0.000000 0.000000 0.000000 1.000000
0.731400 -0.017353 0.681728 -4.526707 -0.061204 0.993972 0.090965 94.626663 -0.679197 -0.108256 0.725928 -11.346256 0.000000 0.000000 0.000000 1.000000
0.674647 -0.023680 0.737760 -4.597191 -0.067090 0.993381 0.093235 94.817101 -0.735085 -0.112397 0.668593 -11.150420 0.000000 0.000000 0.000000 1.000000
0.612796 -0.032448 0.789575 -4.555596 -0.070830 0.992880 0.095775 95.043900 -0.787061 -0.114616 0.606134 -10.734767 0.000000 0.000000 0.000000 1.000000
0.543359 -0.039427 0.838574 -4.420830 -0.077079 0.992334 0.096600 95.309975 -0.835954 -0.117125 0.536155 -10.136948 0.000000 0.000000 0.000000 1.000000
0.461071 -0.047033 0.886116 -4.196681 -0.081272 0.992159 0.094950 95.487839 -0.883634 -0.115795 0.453633 -9.353358 0.000000 0.000000 0.000000 1.000000
0.366624 -0.058042 0.928557 -3.818173 -0.079479 0.992450 0.093417 95.514961 -0.926968 -0.108049 0.359242 -8.383538 0.000000 0.000000 0.000000 1.000000
0.264293 -0.071200 0.961811 -3.241035 -0.072925 0.992941 0.093543 95.357452 -0.961681 -0.094863 0.257235 -7.222386 0.000000 0.000000 0.000000 1.000000
0.153444 -0.082857 0.984677 -2.515692 -0.061679 0.993732 0.093231 95.023827 -0.986231 -0.075039 0.147372 -5.926773 0.000000 0.000000 0.000000 1.000000
0.030909 -0.088160 0.995627 -1.810830 -0.053488 0.994529 0.089724 94.842781 -0.998090 -0.056027 0.026024 -4.670995 0.000000 0.000000 0.000000 1.000000
-0.098176 -0.090513 0.991044 -1.201042 -0.049281 0.995076 0.085999 94.946960 -0.993948 -0.040397 -0.102153 -3.518795 0.000000 0.000000 0.000000 1.000000
-0.222765 -0.092267 0.970496 -0.666539 -0.047903 0.995345 0.083634 95.222496 -0.973694 -0.027859 -0.226148 -2.373103 0.000000 0.000000 0.000000 1.000000
-0.336956 -0.090346 0.937176 -0.243489 -0.050553 0.995686 0.077811 95.460091 -0.940162 -0.021158 -0.340069 -1.195477 0.000000 0.000000 0.000000 1.000000
-0.441424 -0.082515 0.893497 -0.003121 -0.054297 0.996394 0.065192 95.578400 -0.895654 -0.019737 -0.444313 -0.027687 0.000000 0.000000 0.000000 1.000000</float_array><technique_common><accessor source="#Zombie_Hips-Matrix-animation-output-transform-array" count="29" stride="16"><param type="float4x4"/></accessor></technique_common></source><source id="Zombie_Hips-Interpolations"><Name_array id="Zombie_Hips-Interpolations-array" count="29">
 LINEAR LINEAR LINEAR LINEAR LINEAR LINEAR LINEAR LINEAR LINEAR LINEAR LINEAR
LINEAR LINEAR LINEAR LINEAR LINEAR LINEAR LINEAR LINEAR LINEAR LINEAR LINEAR LINEAR
LINEAR LINEAR LINEAR LINEAR LINEAR LINEAR</Name_array><technique_common><accessor source="#Zombie_Hips-Interpolations-array" count="29"><param type="name"/></accessor></technique_common></source><sampler id="Zombie_Hips-Matrix-animation-transform"><input semantic="INPUT" source="#Zombie_Hips-Matrix-animation-input"/><input semantic="OUTPUT" source="#Zombie_Hips-Matrix-animation-output-transform"/><input semantic="INTERPOLATION" source="#Zombie_Hips-Interpolations"/></sampler><channel source="#Zombie_Hips-Matrix-animation-transform" target="Zombie_Hips/matrix"/></animation>
    <animation id="Zombie_Spine-anim" name="Zombie_Spine"><source id="Zombie_Spine-Matrix-animation-input"><float_array id="Zombie_Spine-Matrix-animation-input-array" count="29">

0.000000 0.033333 0.066667 0.100000 0.133333 0.166667 0.200000 0.233333 0.266667 0.300000 0.333333 0.366667 0.400000 0.433333 0.466667 0.500000
0.533333 0.566667 0.600000 0.633333 0.666667 0.700000 0.733333 0.766667 0.800000 0.833333 0.866667 0.900000 0.933333</float_array><technique_common><accessor source="#Zombie_Spine-Matrix-animation-input-array" count="29"><param name="TIME" type="float"/></accessor></technique_common></source><source id="Zombie_Spine-Matrix-animation-output-transform"><float_array id="Zombie_Spine-Matrix-animation-output-transform-array" count="464">

0.998740 -0.042456 0.026756 0.000000 0.043942 0.997371 -0.057629 9.226300 -0.024239 0.058732 0.997979 1.577100 0.000000 0.000000 0.000000 1.000000
0.998512 -0.045044 0.030742 0.000000 0.046814 0.997129 -0.059509 9.226300 -0.027973 0.060860 0.997754 1.577100 0.000000 0.000000 0.000000 1.000000
0.998216 -0.049134 0.033933 0.000000 0.051156 0.996793 -0.061543 9.226300 -0.030800 0.063170 0.997527 1.577100 0.000000 0.000000 0.000000 1.000000
0.998136 -0.048640 0.036856 0.000000 0.050923 0.996665 -0.063770 9.226300 -0.033632 0.065528 0.997284 1.577100 0.000000 0.000000 0.000000 1.000000
0.998323 -0.041973 0.039858 0.000000 0.044539 0.996836 -0.065834 9.226300 -0.036969 0.067499 0.997034 1.577100 0.000000 0.000000 0.000000 1.000000
0.998497 -0.033575 0.043308 0.000000 0.036424 0.997104 -0.066758 9.226300 -0.040941 0.068235 0.996829 1.577100 0.000000 0.000000 0.000000 1.000000
0.998422 -0.029587 0.047732 0.000000 0.032695 0.997304 -0.065689 9.226300 -0.045659 0.067146 0.996698 1.577100 0.000000 0.000000 0.000000 1.000000
0.998224 -0.029584 0.051697 -0.000000 0.032814 0.997488 -0.062780 9.226300 -0.049710 0.064365 0.996688 1.577100 0.000000 0.000000 0.000000 1.000000
0.998124 -0.030439 0.053114 0.000000 0.033576 0.997681 -0.059199 9.226300 -0.051189 0.060871 0.996832 1.577100 0.000000 0.000000 0.000000 1.000000
0.998052 -0.031322 0.053963 -0.000000 0.034359 0.997822 -0.056311 9.226300 -0.052082 0.058055 0.996954 1.577100 0.000000 0.000000 0.000000 1.000000
0.997899 -0.030779 0.057019 -0.000000 0.033870 0.997963 -0.054068 9.226300 -0.055239 0.055886 0.996908 1.577100 0.000000 0.000000 0.000000 1.000000
0.997620 -0.029801 0.062183 -0.000000 0.033009 0.998142 -0.051221 9.226300 -0.060541 0.053152 0.996750 1.577100 0.000000 0.000000 0.000000 1.000000
0.997354 -0.030768 0.065873 -0.000000 0.033992 0.998250 -0.048392 9.226300 -0.064269 0.050504 0.996654 1.577100 0.000000 0.000000 0.000000 1.000000
0.997512 -0.028162 0.064627 0.000000 0.031271 0.998376 -0.047611 9.226300 -0.063181 0.049513 0.996773 1.577100 0.000000 0.000000 0.000000 1.000000
0.997865 -0.026520 0.059687 0.000000 0.029469 0.998360 -0.049080 9.226300 -0.058287 0.050734 0.997010 1.577100 0.000000 0.000000 0.000000 1.000000
0.998122 -0.029825 0.053509 0.000000 0.032577 0.998151 -0.051316 9.226300 -0.051879 0.052963 0.997248 1.577100 0.000000 0.000000 0.000000 1.000000
0.998244 -0.036291 0.046823 0.000000 0.038727 0.997885 -0.052201 9.226300 -0.044830 0.053923 0.997538 1.577100 0.000000 0.000000 0.000000 1.000000
0.998416 -0.037550 0.041902 0.000000 0.039772 0.997775 -0.053515 9.226300 -0.039800 0.055096 0.997688 1.577100 0.000000 0.000000 0.000000 1.000000
0.998592 -0.034896 0.039963 0.000000 0.037135 0.997700 -0.056711 9.226300 -0.037892 0.058115 0.997590 1.577100 0.000000 0.000000 0.000000 1.000000
0.998727 -0.033706 0.037524 0.000000 0.035905 0.997578 -0.059567 9.226300 -0.035425 0.060839 0.997519 1.577100 0.000000 0.000000 0.000000 1.000000
0.998998 -0.031730 0.031572 0.000000 0.033635 0.997525 -0.061749 9.226300 -0.029534 0.062749 0.997592 1.577100 0.000000 0.000000 0.000000 1.000000
0.999380 -0.026073 0.023655 0.000000 0.027545 0.997556 -0.064208 9.226300 -0.021923 0.064819 0.997656 1.577100 0.000000 0.000000 0.000000 1.000000
0.999733 -0.016365 0.016293 0.000000 0.017408 0.997662 -0.066089 9.226300 -0.015173 0.066355 0.997681 1.577100 0.000000 0.000000 0.000000 1.000000
0.999956 -0.002670 0.008974 -0.000000 0.003256 0.997816 -0.065971 9.226300 -0.008778 0.065997 0.997781 1.577100 0.000000 0.000000 0.000000 1.000000
0.999995 0.002707 0.001417 0.000000 -0.002610 0.997936 -0.064157 9.226300 -0.001588 0.064153 0.997939 1.577100 0.000000 0.000000 0.000000 1.000000
0.999990 -0.003573 -0.002591 -0.000000 0.003403 0.998012 -0.062934 9.226300 0.002811 0.062924 0.998014 1.577100 0.000000 0.000000 0.000000 1.000000
0.999876 -0.015666 0.001710 0.000000 0.015742 0.997918 -0.062550 9.226300 -0.000726 0.062570 0.998040 1.577100 0.000000 0.000000 0.000000 1.000000
0.999482 -0.029122 0.013683 -0.000000 0.029906 0.997683 -0.061102 9.226300 -0.011872 0.061480 0.998038 1.577100 0.000000 0.000000 0.000000 1.000000
0.998740 -0.042456 0.026756 0.000000 0.043942 0.997371 -0.057629 9.226300 -0.024239 0.058732 0.997979 1.577100 0.000000 0.000000 0.000000 1.000000</float_array><technique_common><accessor source="#Zombie_Spine-Matrix-animation-output-transform-array" count="29" stride="16"><param type="float4x4"/></accessor></technique_common></source><source id="Zombie_Spine-Interpolations"><Name_array id="Zombie_Spine-Interpolations-array" count="29">
 LINEAR LINEAR LINEAR LINEAR LINEAR LINEAR LINEAR LINEAR LINEAR LINEAR LINEAR
LINEAR LINEAR LINEAR LINEAR LINEAR LINEAR LINEAR LINEAR LINEAR LINEAR LINEAR LINEAR
LINEAR LINEAR LINEAR LINEAR LINEAR LINEAR</Name_array><technique_common><accessor source="#Zombie_Spine-Interpolations-array" count="29"><param type="name"/></accessor></technique_common></source><sampler id="Zombie_Spine-Matrix-animation-transform"><input semantic="INPUT" source="#Zombie_Spine-Matrix-animation-input"/><input semantic="OUTPUT" source="#Zombie_Spine-Matrix-animation-output-transform"/><input semantic="INTERPOLATION" source="#Zombie_Spine-Interpolations"/></sampler><channel source="#Zombie_Spine-Matrix-animation-transform" target="Zombie_Spine/matrix"/></animation>
    <animation id="Zombie_Spine1-anim" name="Zombie_Spine1"><source id="Zombie_Spine1-Matrix-animation-input"><float_array id="Zombie_Spine1-Matrix-animation-input-array" count="29">

0.000000 0.033333 0.066667 0.100000 0.133333 0.166667 0.200000 0.233333 0.266667 0.300000 0.333333 0.366667 0.400000 0.433333 0.466667 0.500000
0.533333 0.566667 0.600000 0.633333 0.666667 0.700000 0.733333 0.766667 0.800000 0.833333 0.866667 0.900000 0.933333</float_array><technique_common><accessor source="#Zombie_Spine1-Matrix-animation-input-array" count="29"><param name="TIME" type="float"/></accessor></technique_common></source><source id="Zombie_Spine1-Matrix-animation-output-transform"><float_array id="Zombie_Spine1-Matrix-animation-output-transform-array" count="464">

0.999615 -0.027098 0.005925 0.000000 0.027212 0.999428 -0.020103 16.254000 -0.005376 0.020256 0.999780 -0.165600 0.000000 0.000000 0.000000 1.000000
0.999594 -0.027142 0.008620 0.000000 0.027324 0.999389 -0.021783 16.254000 -0.008023 0.022010 0.999726 -0.165600 0.000000 0.000000 0.000000 1.000000
0.999517 -0.029181 0.010651 0.000000 0.029425 0.999291 -0.023502 16.254000 -0.009958 0.023804 0.999667 -0.165600 0.000000 0.000000 0.000000 1.000000
0.999376 -0.032782 0.013116 0.000000 0.033107 0.999131 -0.025328 16.254000 -0.012274 0.025747 0.999593 -0.165600 0.000000 0.000000 0.000000 1.000000
0.999183 -0.036888 0.016536 -0.000000 0.037326 0.998937 -0.027058 16.254000 -0.015520 0.027653 0.999497 -0.165600 0.000000 0.000000 0.000000 1.000000
0.998931 -0.041390 0.020564 -0.000000 0.041953 0.998734 -0.027760 16.254000 -0.019389 0.028593 0.999403 -0.165600 0.000000 0.000000 0.000000 1.000000
0.998591 -0.046872 0.024899 -0.000000 0.047534 0.998512 -0.026713 16.254000 -0.023610 0.027859 0.999333 -0.165600 0.000000 0.000000 0.000000 1.000000
0.998161 -0.053453 0.028607 -0.000000 0.054148 0.998242 -0.024119 16.254000 -0.027268 0.025624 0.999300 -0.165600 0.000000 0.000000 0.000000 1.000000
0.997702 -0.060561 0.030385 0.000000 0.061211 0.997905 -0.020948 16.254000 -0.029053 0.022759 0.999319 -0.165600 0.000000 0.000000 0.000000 1.000000
0.997212 -0.067492 0.031825 -0.000000 0.068095 0.997512 -0.018246 16.254000 -0.030514 0.020362 0.999327 -0.165600 0.000000 0.000000 0.000000 1.000000
0.996614 -0.074365 0.035081 0.000000 0.074958 0.997060 -0.015921 16.254000 -0.033793 0.018497 0.999258 -0.165600 0.000000 0.000000 0.000000 1.000000
0.995892 -0.081333 0.039798 0.000000 0.081909 0.996554 -0.013060 16.254000 -0.038598 0.016266 0.999122 -0.165600 0.000000 0.000000 0.000000 1.000000
0.995305 -0.086567 0.043298 0.000000 0.087091 0.996146 -0.010367 16.254000 -0.042234 0.014089 0.999008 -0.165600 0.000000 0.000000 0.000000 1.000000
0.995057 -0.089635 0.042754 -0.000000 0.090113 0.995887 -0.009398 16.254000 -0.041736 0.013205 0.999041 -0.165600 0.000000 0.000000 0.000000 1.000000
0.994836 -0.093631 0.039165 0.000000 0.094108 0.995507 -0.010489 16.254000 -0.038007 0.014121 0.999178 -0.165600 0.000000 0.000000 0.000000 1.000000
0.994500 -0.098890 0.034511 0.000000 0.099374 0.994971 -0.012591 16.254000 -0.033092 0.015951 0.999325 -0.165600 0.000000 0.000000 0.000000 1.000000
0.994252 -0.102992 0.029243 -0.000000 0.103428 0.994541 -0.013805 16.254000 -0.027662 0.016751 0.999477 -0.165600 0.000000 0.000000 0.000000 1.000000
0.994347 -0.103167 0.025133 0.000000 0.103565 0.994508 -0.015088 16.254000 -0.023438 0.017605 0.999570 -0.165600 0.000000 0.000000 0.000000 1.000000
0.994658 -0.100534 0.023402 0.000000 0.100956 0.994735 -0.017608 16.254000 -0.021509 0.019877 0.999571 -0.165600 0.000000 0.000000 0.000000 1.000000
0.995059 -0.097002 0.021183 0.000000 0.097425 0.995042 -0.019987 16.254000 -0.019139 0.021952 0.999576 -0.165600 0.000000 0.000000 0.000000 1.000000
0.995692 -0.091305 0.016135 -0.000000 0.091648 0.995550 -0.021946 16.254000 -0.014059 0.023330 0.999629 -0.165600 0.000000 0.000000 0.000000 1.000000
0.996564 -0.082262 0.009685 -0.000000 0.082474 0.996303 -0.024042 16.254000 -0.007671 0.024758 0.999664 -0.165600 0.000000 0.000000 0.000000 1.000000
0.997437 -0.071448 0.003938 0.000000 0.071525 0.997113 -0.025502 16.254000 -0.002104 0.025718 0.999667 -0.165600 0.000000 0.000000 0.000000 1.000000
0.998213 -0.059740 -0.001514 0.000000 0.059683 0.997896 -0.025314 16.254000 0.003023 0.025179 0.999678 -0.165600 0.000000 0.000000 0.000000 1.000000
0.998788 -0.048565 -0.007995 -0.000000 0.048360 0.998539 -0.024112 16.254000 0.009155 0.023696 0.999677 -0.165600 0.000000 0.000000 0.000000 1.000000
0.999184 -0.038283 -0.012870 0.000000 0.037972 0.999000 -0.023585 16.254000 0.013760 0.023077 0.999639 -0.165600 0.000000 0.000000 0.000000 1.000000
0.999493 -0.029708 -0.011424 0.000000 0.029432 0.999288 -0.023610 16.254000 0.012117 0.023262 0.999656 -0.165600 0.000000 0.000000 0.000000 1.000000
0.999660 -0.025868 -0.003341 -0.000000 0.025786 0.999411 -0.022662 16.254000 0.003925 0.022568 0.999738 -0.165600 0.000000 0.000000 0.000000 1.000000
0.999615 -0.027098 0.005925 0.000000 0.027212 0.999428 -0.020103 16.254000 -0.005377 0.020256 0.999780 -0.165600 0.000000 0.000000 0.000000 1.000000</float_array><technique_common><accessor source="#Zombie_Spine1-Matrix-animation-output-transform-array" count="29" stride="16"><param type="float4x4"/></accessor></technique_common></source><source id="Zombie_Spine1-Interpolations"><Name_array id="Zombie_Spine1-Interpolations-array" count="29">
 LINEAR LINEAR LINEAR LINEAR LINEAR LINEAR LINEAR LINEAR LINEAR LINEAR LINEAR
LINEAR LINEAR LINEAR LINEAR LINEAR LINEAR LINEAR LINEAR LINEAR LINEAR LINEAR LINEAR
LINEAR LINEAR LINEAR LINEAR LINEAR LINEAR</Name_array><technique_common><accessor source="#Zombie_Spine1-Interpolations-array" count="29"><param type="name"/></accessor></technique_common></source><sampler id="Zombie_Spine1-Matrix-animation-transform"><input semantic="INPUT" source="#Zombie_Spine1-Matrix-animation-input"/><input semantic="OUTPUT" source="#Zombie_Spine1-Matrix-animation-output-transform"/><input semantic="INTERPOLATION" source="#Zombie_Spine1-Interpolations"/></sampler><channel source="#Zombie_Spine1-Matrix-animation-transform" target="Zombie_Spine1/matrix"/></animation>
    <animation id="Zombie_Spine2-anim" name="Zombie_Spine2"><source id="Zombie_Spine2-Matrix-animation-input"><float_array id="Zombie_Spine2-Matrix-animation-input-array" count="29">

0.000000 0.033333 0.066667 0.100000 0.133333 0.166667 0.200000 0.233333 0.266667 0.300000 0.333333 0.366667 0.400000 0.433333 0.466667 0.500000
0.533333 0.566667 0.600000 0.633333 0.666667 0.700000 0.733333 0.766667 0.800000 0.833333 0.866667 0.900000 0.933333</float_array><technique_common><accessor source="#Zombie_Spine2-Matrix-animation-input-array" count="29"><param name="TIME" type="float"/></accessor></technique_common></source><source id="Zombie_Spine2-Matrix-animation-output-transform"><float_array id="Zombie_Spine2-Matrix-animation-output-transform-array" count="464">

0.999611 -0.027151 0.006310 0.000000 0.027271 0.999435 -0.019651 13.639600 -0.005773 0.019815 0.999787 -1.292300 0.000000 0.000000 0.000000 1.000000
0.999608 -0.026481 0.009039 -0.000000 0.026668 0.999418 -0.021272 13.639600 -0.008470 0.021505 0.999733 -1.292300 0.000000 0.000000 0.000000 1.000000
0.999592 -0.026388 0.010959 0.000000 0.026634 0.999382 -0.022946 13.639600 -0.010346 0.023229 0.999677 -1.292300 0.000000 0.000000 0.000000 1.000000
0.999558 -0.026683 0.013145 -0.000000 0.027002 0.999329 -0.024753 13.639600 -0.012476 0.025097 0.999607 -1.292300 0.000000 0.000000 0.000000 1.000000
0.999518 -0.026526 0.016127 -0.000000 0.026947 0.999286 -0.026493 13.639600 -0.015413 0.026915 0.999519 -1.292300 0.000000 0.000000 0.000000 1.000000
0.999470 -0.025970 0.019604 0.000000 0.026499 0.999278 -0.027225 13.639600 -0.018883 0.027731 0.999437 -1.292300 0.000000 0.000000 0.000000 1.000000
0.999396 -0.025748 0.023328 0.000000 0.026357 0.999309 -0.026212 13.639600 -0.022637 0.026811 0.999384 -1.292300 0.000000 0.000000 0.000000 1.000000
0.999310 -0.026153 0.026377 -0.000000 0.026779 0.999361 -0.023663 13.639600 -0.025741 0.024353 0.999372 -1.292300 0.000000 0.000000 0.000000 1.000000
0.999264 -0.026785 0.027477 0.000000 0.027355 0.999414 -0.020553 13.639600 -0.026910 0.021290 0.999411 -1.292300 0.000000 0.000000 0.000000 1.000000
0.999232 -0.027163 0.028248 0.000000 0.027675 0.999456 -0.017920 13.639600 -0.027746 0.018688 0.999440 -1.292300 0.000000 0.000000 0.000000 1.000000
0.999142 -0.027644 0.030839 0.000000 0.028137 0.999481 -0.015664 13.639600 -0.030390 0.016518 0.999402 -1.292300 0.000000 0.000000 0.000000 1.000000
0.998982 -0.028571 0.034915 0.000000 0.029035 0.999496 -0.012867 13.639600 -0.034529 0.013868 0.999307 -1.292300 0.000000 0.000000 0.000000 1.000000
0.998884 -0.028238 0.037871 -0.000000 0.028644 0.999537 -0.010227 13.639600 -0.037565 0.011301 0.999230 -1.292300 0.000000 0.000000 0.000000 1.000000
0.998972 -0.026361 0.036892 0.000000 0.026721 0.999600 -0.009303 13.639600 -0.036632 0.010279 0.999276 -1.292300 0.000000 0.000000 0.000000 1.000000
0.999111 -0.026263 0.032968 0.000000 0.026620 0.999591 -0.010417 13.639600 -0.032681 0.011286 0.999402 -1.292300 0.000000 0.000000 0.000000 1.000000
0.999200 -0.028499 0.028066 -0.000000 0.028860 0.999505 -0.012558 13.639600 -0.027694 0.013358 0.999527 -1.292300 0.000000 0.000000 0.000000 1.000000
0.999270 -0.030834 0.022574 0.000000 0.031152 0.999419 -0.013850 13.639600 -0.022134 0.014543 0.999649 -1.292300 0.000000 0.000000 0.000000 1.000000
0.999361 -0.030704 0.018310 -0.000000 0.030984 0.999405 -0.015169 13.639600 -0.017833 0.015727 0.999717 -1.292300 0.000000 0.000000 0.000000 1.000000
0.999423 -0.029627 0.016641 -0.000000 0.029920 0.999396 -0.017661 13.639600 -0.016108 0.018148 0.999706 -1.292300 0.000000 0.000000 0.000000 1.000000
0.999426 -0.030488 0.014773 -0.000000 0.030780 0.999326 -0.019979 13.639600 -0.014154 0.020423 0.999691 -1.292300 0.000000 0.000000 0.000000 1.000000
0.999450 -0.031537 0.010280 0.000000 0.031756 0.999257 -0.021844 13.639600 -0.009583 0.022158 0.999709 -1.292300 0.000000 0.000000 0.000000 1.000000
0.999511 -0.030945 0.004553 -0.000000 0.031045 0.999234 -0.023806 13.639600 -0.003813 0.023936 0.999706 -1.292300 0.000000 0.000000 0.000000 1.000000
0.999560 -0.029667 -0.000381 0.000000 0.029648 0.999245 -0.025114 13.639600 0.001126 0.025091 0.999685 -1.292300 0.000000 0.000000 0.000000 1.000000
0.999598 -0.027900 -0.005012 0.000000 0.027768 0.999308 -0.024754 13.639600 0.005699 0.024605 0.999681 -1.292300 0.000000 0.000000 0.000000 1.000000
0.999598 -0.026324 -0.010574 0.000000 0.026071 0.999386 -0.023420 13.639600 0.011184 0.023135 0.999670 -1.292300 0.000000 0.000000 0.000000 1.000000
0.999592 -0.024628 -0.014439 0.000000 0.024294 0.999443 -0.022883 13.639600 0.014995 0.022523 0.999634 -1.292300 0.000000 0.000000 0.000000 1.000000
0.999661 -0.023067 -0.012064 0.000000 0.022785 0.999476 -0.022997 13.639600 0.012588 0.022714 0.999663 -1.292300 0.000000 0.000000 0.000000 1.000000
0.999705 -0.024055 -0.003310 -0.000000 0.023976 0.999467 -0.022147 13.639600 0.003841 0.022061 0.999749 -1.292300 0.000000 0.000000 0.000000 1.000000
0.999611 -0.027151 0.006310 -0.000000 0.027271 0.999435 -0.019651 13.639600 -0.005773 0.019815 0.999787 -1.292300 0.000000 0.000000 0.000000 1.000000</float_array><technique_common><accessor source="#Zombie_Spine2-Matrix-animation-output-transform-array" count="29" stride="16"><param type="float4x4"/></accessor></technique_common></source><source id="Zombie_Spine2-Interpolations"><Name_array id="Zombie_Spine2-Interpolations-array" count="29">
 LINEAR LINEAR LINEAR LINEAR LINEAR LINEAR LINEAR LINEAR LINEAR LINEAR LINEAR
LINEAR LINEAR LINEAR LINEAR LINEAR LINEAR LINEAR LINEAR LINEAR LINEAR LINEAR LINEAR
LINEAR LINEAR LINEAR LINEAR LINEAR LINEAR</Name_array><technique_common><accessor source="#Zombie_Spine2-Interpolations-array" count="29"><param type="name"/></accessor></technique_common></source><sampler id="Zombie_Spine2-Matrix-animation-transform"><input semantic="INPUT" source="#Zombie_Spine2-Matrix-animation-input"/><input semantic="OUTPUT" source="#Zombie_Spine2-Matrix-animation-output-transform"/><input semantic="INTERPOLATION" source="#Zombie_Spine2-Interpolations"/></sampler><channel source="#Zombie_Spine2-Matrix-animation-transform" target="Zombie_Spine2/matrix"/></animation>
    <animation id="Zombie_Neck-anim" name="Zombie_Neck"><source id="Zombie_Neck-Matrix-animation-input"><float_array id="Zombie_Neck-Matrix-animation-input-array" count="29">

0.000000 0.033333 0.066667 0.100000 0.133333 0.166667 0.200000 0.233333 0.266667 0.300000 0.333333 0.366667 0.400000 0.433333 0.466667 0.500000
0.533333 0.566667 0.600000 0.633333 0.666667 0.700000 0.733333 0.766667 0.800000 0.833333 0.866667 0.900000 0.933333</float_array><technique_common><accessor source="#Zombie_Neck-Matrix-animation-input-array" count="29"><param name="TIME" type="float"/></accessor></technique_common></source><source id="Zombie_Neck-Matrix-animation-output-transform"><float_array id="Zombie_Neck-Matrix-animation-output-transform-array" count="464">

0.999991 -0.004107 -0.000890 0.000000 0.004058 0.998788 -0.049057 13.877400 0.001090 0.049053 0.998796 -4.354200 0.000000 0.000000 0.000000 1.000000
0.999988 -0.001221 0.004712 0.000000 0.001446 0.998842 -0.048091 13.877400 -0.004648 0.048097 0.998832 -4.354200 0.000000 0.000000 0.000000 1.000000
0.999871 0.003741 0.015627 0.000000 -0.002959 0.998756 -0.049770 13.877400 -0.015794 0.049717 0.998638 -4.354200 0.000000 0.000000 0.000000 1.000000
0.999519 0.009467 0.029546 -0.000000 -0.007862 0.998511 -0.053988 13.877400 -0.030013 0.053730 0.998104 -4.354200 0.000000 0.000000 0.000000 1.000000
0.998898 0.014906 0.044502 0.000000 -0.012244 0.998152 -0.059512 13.877400 -0.045306 0.058902 0.997235 -4.354200 0.000000 0.000000 0.000000 1.000000
0.998116 0.018922 0.058366 0.000000 -0.015118 0.997775 -0.064941 13.877400 -0.059465 0.063936 0.996181 -4.354200 0.000000 0.000000 0.000000 1.000000
0.997399 0.021272 0.068864 0.000000 -0.016489 0.997460 -0.069292 13.877400 -0.070163 0.067976 0.995217 -4.354200 0.000000 0.000000 0.000000 1.000000
0.996990 0.022170 0.074297 0.000000 -0.016829 0.997281 -0.071745 13.877400 -0.075685 0.070279 0.994652 -4.354200 0.000000 0.000000 0.000000 1.000000
0.996753 0.022612 0.077276 0.000000 -0.016973 0.997198 -0.072856 13.877400 -0.078707 0.071307 0.994344 -4.354200 0.000000 0.000000 0.000000 1.000000
0.996674 0.022929 0.078199 0.000000 -0.017206 0.997177 -0.073086 13.877400 -0.079654 0.071498 0.994255 -4.354200 0.000000 0.000000 0.000000 1.000000
0.996744 0.022973 0.077285 0.000000 -0.017305 0.997166 -0.073217 13.877400 -0.078748 0.071641 0.994317 -4.354200 0.000000 0.000000 0.000000 1.000000
0.996908 0.022694 0.075230 -0.000000 -0.017137 0.997133 -0.073704 13.877400 -0.076687 0.072187 0.994439 -4.354200 0.000000 0.000000 0.000000 1.000000
0.997110 0.022342 0.072608 0.000000 -0.016960 0.997121 -0.073912 13.877400 -0.074051 0.072467 0.994618 -4.354200 0.000000 0.000000 0.000000 1.000000
0.997356 0.021374 0.069453 0.000000 -0.016296 0.997208 -0.072871 13.877400 -0.070817 0.071547 0.994920 -4.354200 0.000000 0.000000 0.000000 1.000000
0.997673 0.018720 0.065562 0.000000 -0.014060 0.997389 -0.070832 13.877400 -0.066717 0.069745 0.995331 -4.354200 0.000000 0.000000 0.000000 1.000000
0.998033 0.015453 0.060760 0.000000 -0.011247 0.997556 -0.068966 13.877400 -0.061677 0.068147 0.995767 -4.354200 0.000000 0.000000 0.000000 1.000000
0.998398 0.013394 0.054972 0.000000 -0.009653 0.997656 -0.067750 13.877400 -0.055750 0.067111 0.996187 -4.354200 0.000000 0.000000 0.000000 1.000000
0.998755 0.011701 0.048489 0.000000 -0.008479 0.997775 -0.066133 13.877400 -0.049154 0.065640 0.996632 -4.354200 0.000000 0.000000 0.000000 1.000000
0.999086 0.008928 0.041810 0.000000 -0.006261 0.997962 -0.063507 13.877400 -0.042292 0.063188 0.997105 -4.354200 0.000000 0.000000 0.000000 1.000000
0.999368 0.005140 0.035174 0.000000 -0.003010 0.998174 -0.060331 13.877400 -0.035419 0.060187 0.997558 -4.354200 0.000000 0.000000 0.000000 1.000000
0.999587 0.001316 0.028721 0.000000 0.000320 0.998379 -0.056907 13.877400 -0.028749 0.056892 0.997966 -4.354200 0.000000 0.000000 0.000000 1.000000
0.999741 -0.002199 0.022634 -0.000000 0.003409 0.998558 -0.053575 13.877400 -0.022483 0.053638 0.998307 -4.354200 0.000000 0.000000 0.000000 1.000000
0.999841 -0.005213 0.017050 0.000000 0.006079 0.998671 -0.051170 13.877400 -0.016761 0.051266 0.998544 -4.354200 0.000000 0.000000 0.000000 1.000000
0.999900 -0.007361 0.012068 0.000000 0.007955 0.998722 -0.049910 13.877400 -0.011685 0.050001 0.998681 -4.354200 0.000000 0.000000 0.000000 1.000000
0.999932 -0.008661 0.007785 0.000000 0.009035 0.998745 -0.049253 13.877400 -0.007349 0.049320 0.998756 -4.354200 0.000000 0.000000 0.000000 1.000000
0.999951 -0.008836 0.004351 -0.000000 0.009039 0.998748 -0.049201 13.877400 -0.003911 0.049238 0.998779 -4.354200 0.000000 0.000000 0.000000 1.000000
0.999969 -0.007688 0.001918 0.000000 0.007774 0.998727 -0.049842 13.877400 -0.001532 0.049856 0.998755 -4.354200 0.000000 0.000000 0.000000 1.000000
0.999983 -0.005898 0.000025 0.000000 0.005892 0.998724 -0.050155 13.877400 0.000270 0.050154 0.998741 -4.354200 0.000000 0.000000 0.000000 1.000000
0.999991 -0.004107 -0.000890 0.000000 0.004058 0.998788 -0.049057 13.877400 0.001090 0.049053 0.998796 -4.354200 0.000000 0.000000 0.000000 1.000000</float_array><technique_common><accessor source="#Zombie_Neck-Matrix-animation-output-transform-array" count="29" stride="16"><param type="float4x4"/></accessor></technique_common></source><source id="Zombie_Neck-Interpolations"><Name_array id="Zombie_Neck-Interpolations-array" count="29">
 LINEAR LINEAR LINEAR LINEAR LINEAR LINEAR LINEAR LINEAR LINEAR LINEAR LINEAR
LINEAR LINEAR LINEAR LINEAR LINEAR LINEAR LINEAR LINEAR LINEAR LINEAR LINEAR LINEAR
LINEAR LINEAR LINEAR LINEAR LINEAR LINEAR</Name_array><technique_common><accessor source="#Zombie_Neck-Interpolations-array" count="29"><param type="name"/></accessor></technique_common></source><sampler id="Zombie_Neck-Matrix-animation-transform"><input semantic="INPUT" source="#Zombie_Neck-Matrix-animation-input"/><input semantic="OUTPUT" source="#Zombie_Neck-Matrix-animation-output-transform"/><input semantic="INTERPOLATION" source="#Zombie_Neck-Interpolations"/></sampler><channel source="#Zombie_Neck-Matrix-animation-transform" target="Zombie_Neck/matrix"/></animation>
    <animation id="Zombie_Neck1-anim" name="Zombie_Neck1"><source id="Zombie_Neck1-Matrix-animation-input"><float_array id="Zombie_Neck1-Matrix-animation-input-array" count="29">

0.000000 0.033333 0.066667 0.100000 0.133333 0.166667 0.200000 0.233333 0.266667 0.300000 0.333333 0.366667 0.400000 0.433333 0.466667 0.500000
0.533333 0.566667 0.600000 0.633333 0.666667 0.700000 0.733333 0.766667 0.800000 0.833333 0.866667 0.900000 0.933333</float_array><technique_common><accessor source="#Zombie_Neck1-Matrix-animation-input-array" count="29"><param name="TIME" type="float"/></accessor></technique_common></source><source id="Zombie_Neck1-Matrix-animation-output-transform"><float_array id="Zombie_Neck1-Matrix-animation-output-transform-array" count="464">

0.999991 -0.004107 -0.000890 -0.000000 0.004058 0.998788 -0.049058 4.340000 0.001090 0.049054 0.998796 0.926900 0.000000 0.000000 0.000000 1.000000
0.999988 -0.001221 0.004712 0.000000 0.001446 0.998842 -0.048093 4.340000 -0.004648 0.048099 0.998832 0.926900 0.000000 0.000000 0.000000 1.000000
0.999871 0.003741 0.015627 0.000000 -0.002959 0.998756 -0.049770 4.340000 -0.015794 0.049718 0.998638 0.926900 0.000000 0.000000 0.000000 1.000000
0.999519 0.009467 0.029546 0.000000 -0.007862 0.998511 -0.053988 4.340000 -0.030013 0.053730 0.998104 0.926900 0.000000 0.000000 0.000000 1.000000
0.998898 0.014906 0.044501 -0.000000 -0.012244 0.998152 -0.059514 4.340000 -0.045306 0.058904 0.997235 0.926900 0.000000 0.000000 0.000000 1.000000
0.998116 0.018922 0.058366 0.000000 -0.015118 0.997775 -0.064941 4.340000 -0.059465 0.063936 0.996181 0.926900 0.000000 0.000000 0.000000 1.000000
0.997399 0.021272 0.068864 0.000000 -0.016489 0.997460 -0.069292 4.340000 -0.070163 0.067977 0.995217 0.926900 0.000000 0.000000 0.000000 1.000000
0.996990 0.022170 0.074297 0.000000 -0.016830 0.997281 -0.071745 4.340000 -0.075685 0.070279 0.994652 0.926900 0.000000 0.000000 0.000000 1.000000
0.996753 0.022611 0.077277 0.000000 -0.016973 0.997198 -0.072859 4.340000 -0.078707 0.071310 0.994344 0.926900 0.000000 0.000000 0.000000 1.000000
0.996674 0.022929 0.078199 0.000000 -0.017206 0.997177 -0.073086 4.340000 -0.079654 0.071498 0.994255 0.926900 0.000000 0.000000 0.000000 1.000000
0.996744 0.022973 0.077285 -0.000000 -0.017306 0.997166 -0.073217 4.340000 -0.078748 0.071641 0.994317 0.926900 0.000000 0.000000 0.000000 1.000000
0.996908 0.022694 0.075230 -0.000000 -0.017138 0.997133 -0.073704 4.340000 -0.076687 0.072187 0.994439 0.926900 0.000000 0.000000 0.000000 1.000000
0.997110 0.022341 0.072608 0.000000 -0.016959 0.997120 -0.073914 4.340000 -0.074050 0.072469 0.994618 0.926900 0.000000 0.000000 0.000000 1.000000
0.997356 0.021374 0.069453 0.000000 -0.016296 0.997208 -0.072872 4.340000 -0.070817 0.071548 0.994920 0.926900 0.000000 0.000000 0.000000 1.000000
0.997673 0.018720 0.065562 0.000000 -0.014060 0.997389 -0.070832 4.340000 -0.066717 0.069745 0.995331 0.926900 0.000000 0.000000 0.000000 1.000000
0.998033 0.015453 0.060760 0.000000 -0.011247 0.997556 -0.068966 4.340000 -0.061677 0.068147 0.995767 0.926900 0.000000 0.000000 0.000000 1.000000
0.998398 0.013394 0.054971 0.000000 -0.009654 0.997656 -0.067751 4.340000 -0.055750 0.067111 0.996187 0.926900 0.000000 0.000000 0.000000 1.000000
0.998755 0.011701 0.048489 -0.000000 -0.008479 0.997775 -0.066134 4.340000 -0.049155 0.065640 0.996632 0.926900 0.000000 0.000000 0.000000 1.000000
0.999086 0.008928 0.041810 -0.000000 -0.006260 0.997962 -0.063508 4.340000 -0.042292 0.063188 0.997105 0.926900 0.000000 0.000000 0.000000 1.000000
0.999368 0.005139 0.035173 0.000000 -0.003010 0.998174 -0.060333 4.340000 -0.035419 0.060189 0.997558 0.926900 0.000000 0.000000 0.000000 1.000000
0.999587 0.001316 0.028721 0.000000 0.000320 0.998379 -0.056907 4.340000 -0.028749 0.056892 0.997966 0.926900 0.000000 0.000000 0.000000 1.000000
0.999741 -0.002199 0.022635 0.000000 0.003410 0.998558 -0.053575 4.340000 -0.022484 0.053638 0.998307 0.926900 0.000000 0.000000 0.000000 1.000000
0.999841 -0.005213 0.017051 0.000000 0.006079 0.998671 -0.051170 4.340000 -0.016761 0.051266 0.998544 0.926900 0.000000 0.000000 0.000000 1.000000
0.999900 -0.007361 0.012068 0.000000 0.007955 0.998722 -0.049911 4.340000 -0.011685 0.050002 0.998681 0.926900 0.000000 0.000000 0.000000 1.000000
0.999932 -0.008661 0.007785 -0.000000 0.009035 0.998746 -0.049252 4.340000 -0.007349 0.049319 0.998756 0.926900 0.000000 0.000000 0.000000 1.000000
0.999951 -0.008836 0.004351 0.000000 0.009039 0.998748 -0.049202 4.340000 -0.003911 0.049238 0.998779 0.926900 0.000000 0.000000 0.000000 1.000000
0.999969 -0.007688 0.001918 0.000000 0.007774 0.998727 -0.049843 4.340000 -0.001532 0.049856 0.998755 0.926900 0.000000 0.000000 0.000000 1.000000
0.999983 -0.005898 0.000025 -0.000000 0.005892 0.998724 -0.050155 4.340000 0.000270 0.050154 0.998741 0.926900 0.000000 0.000000 0.000000 1.000000
0.999991 -0.004107 -0.000890 0.000000 0.004058 0.998788 -0.049057 4.340000 0.001090 0.049053 0.998796 0.926900 0.000000 0.000000 0.000000 1.000000</float_array><technique_common><accessor source="#Zombie_Neck1-Matrix-animation-output-transform-array" count="29" stride="16"><param type="float4x4"/></accessor></technique_common></source><source id="Zombie_Neck1-Interpolations"><Name_array id="Zombie_Neck1-Interpolations-array" count="29">
 LINEAR LINEAR LINEAR LINEAR LINEAR LINEAR LINEAR LINEAR LINEAR LINEAR LINEAR
LINEAR LINEAR LINEAR LINEAR LINEAR LINEAR LINEAR LINEAR LINEAR LINEAR LINEAR LINEAR
LINEAR LINEAR LINEAR LINEAR LINEAR LINEAR</Name_array><technique_common><accessor source="#Zombie_Neck1-Interpolations-array" count="29"><param type="name"/></accessor></technique_common></source><sampler id="Zombie_Neck1-Matrix-animation-transform"><input semantic="INPUT" source="#Zombie_Neck1-Matrix-animation-input"/><input semantic="OUTPUT" source="#Zombie_Neck1-Matrix-animation-output-transform"/><input semantic="INTERPOLATION" source="#Zombie_Neck1-Interpolations"/></sampler><channel source="#Zombie_Neck1-Matrix-animation-transform" target="Zombie_Neck1/matrix"/></animation>
    <animation id="Zombie_Head-anim" name="Zombie_Head"><source id="Zombie_Head-Matrix-animation-input"><float_array id="Zombie_Head-Matrix-animation-input-array" count="29">

0.000000 0.033333 0.066667 0.100000 0.133333 0.166667 0.200000 0.233333 0.266667 0.300000 0.333333 0.366667 0.400000 0.433333 0.466667 0.500000
0.533333 0.566667 0.600000 0.633333 0.666667 0.700000 0.733333 0.766667 0.800000 0.833333 0.866667 0.900000 0.933333</float_array><technique_common><accessor source="#Zombie_Head-Matrix-animation-input-array" count="29"><param name="TIME" type="float"/></accessor></technique_common></source><source id="Zombie_Head-Matrix-animation-output-transform"><float_array id="Zombie_Head-Matrix-animation-output-transform-array" count="464">

0.999991 -0.004107 -0.000890 0.000000 0.004058 0.998788 -0.049057 4.026600 0.001090 0.049053 0.998796 0.858500 0.000000 0.000000 0.000000 1.000000
0.999988 -0.001220 0.004712 -0.000000 0.001446 0.998842 -0.048089 4.026600 -0.004648 0.048095 0.998832 0.858500 0.000000 0.000000 0.000000 1.000000
0.999871 0.003741 0.015627 0.000000 -0.002959 0.998756 -0.049770 4.026600 -0.015794 0.049717 0.998638 0.858500 0.000000 0.000000 0.000000 1.000000
0.999519 0.009467 0.029546 -0.000000 -0.007862 0.998511 -0.053988 4.026600 -0.030013 0.053730 0.998104 0.858500 0.000000 0.000000 0.000000 1.000000
0.998898 0.014906 0.044501 -0.000000 -0.012244 0.998153 -0.059510 4.026600 -0.045306 0.058899 0.997235 0.858500 0.000000 0.000000 0.000000 1.000000
0.998116 0.018922 0.058366 0.000000 -0.015118 0.997775 -0.064941 4.026600 -0.059465 0.063936 0.996181 0.858500 0.000000 0.000000 0.000000 1.000000
0.997399 0.021272 0.068864 0.000000 -0.016489 0.997460 -0.069292 4.026600 -0.070163 0.067976 0.995217 0.858500 0.000000 0.000000 0.000000 1.000000
0.996990 0.022169 0.074297 -0.000000 -0.016829 0.997281 -0.071746 4.026600 -0.075685 0.070279 0.994652 0.858500 0.000000 0.000000 0.000000 1.000000
0.996753 0.022612 0.077277 0.000000 -0.016974 0.997198 -0.072853 4.026600 -0.078708 0.071304 0.994344 0.858500 0.000000 0.000000 0.000000 1.000000
0.996674 0.022929 0.078199 -0.000000 -0.017206 0.997177 -0.073086 4.026600 -0.079654 0.071497 0.994255 0.858500 0.000000 0.000000 0.000000 1.000000
0.996744 0.022973 0.077285 0.000000 -0.017305 0.997166 -0.073217 4.026600 -0.078748 0.071641 0.994317 0.858500 0.000000 0.000000 0.000000 1.000000
0.996908 0.022694 0.075230 0.000000 -0.017137 0.997133 -0.073703 4.026600 -0.076687 0.072186 0.994439 0.858500 0.000000 0.000000 0.000000 1.000000
0.997110 0.022342 0.072608 0.000000 -0.016960 0.997121 -0.073909 4.026600 -0.074050 0.072464 0.994618 0.858500 0.000000 0.000000 0.000000 1.000000
