<?xml version="1.0" encoding="utf-8"?>
<COLLADA xmlns="http://www.collada.org/2005/11/COLLADASchema" version="1.4.1">
  <asset><contributor><author>Mixamo</author><authoring_tool>COLLADA Mixamo exporter</authoring_tool><comments></comments></contributor><created>2018-10-30T18:16:41Z</created><modified>2018-10-30T18:16:41Z</modified><revision></revision><title></title><unit meter="0.010000"/><up_axis>Y_UP</up_axis></asset>
  <library_animations>
    <animation id="Zombie_Hips-anim" name="Zombie_Hips"><source id="Zombie_Hips-Matrix-animation-input"><float_array id="Zombie_Hips-Matrix-animation-input-array" count="36">

0.000000 0.033333 0.066667 0.100000 0.133333 0.166667 0.200000 0.233333 0.266667 0.300000 0.333333 0.366667 0.400000 0.433333 0.466667 0.500000
0.533333 0.566667 0.600000 0.633333 0.666667 0.700000 0.733333 0.766667 0.800000 0.833333 0.866667 0.900000 0.933333 0.966667 1.000000 1.033333
1.066667 1.100000 1.133333 1.166667</float_array><technique_common><accessor source="#Zombie_Hips-Matrix-animation-input-array" count="36"><param name="TIME" type="float"/></accessor></technique_common></source><source id="Zombie_Hips-Matrix-animation-output-transform"><float_array id="Zombie_Hips-Matrix-animation-output-transform-array" count="576">

0.998324 0.022420 0.053354 -0.040166 -0.011146 0.979137 -0.202896 79.563850 -0.056790 0.201961 0.977746 -0.934114 0.000000 0.000000 0.000000 1.000000
0.998327 0.022694 0.053186 -0.034928 -0.011405 0.978980 -0.203636 79.569168 -0.056690 0.202689 0.977601 -0.927654 0.000000 0.000000 0.000000 1.000000
0.998329 0.023174 0.052937 -0.025874 -0.011891 0.978847 -0.204250 79.570137 -0.056551 0.203279 0.977486 -0.917212 0.000000 0.000000 0.000000 1.000000
0.998338 0.023627 0.052556 -0.010165 -0.012377 0.978707 -0.204888 79.571915 -0.056278 0.203897 0.977373 -0.903234 0.000000 0.000000 0.000000 1.000000
0.998358 0.023924 0.052057 0.011761 -0.012733 0.978567 -0.205533 79.577568 -0.055858 0.204533 0.977265 -0.886781 0.000000 0.000000 0.000000 1.000000
0.998381 0.024040 0.051556 0.036056 -0.012927 0.978481 -0.205930 79.584457 -0.055397 0.204930 0.977208 -0.867826 0.000000 0.000000 0.000000 1.000000
0.998396 0.023829 0.051352 0.050509 -0.012785 0.978570 -0.205519 79.588959 -0.055149 0.204533 0.977305 -0.855074 0.000000 0.000000 0.000000 1.000000
0.998403 0.023593 0.051337 0.062294 -0.012564 0.978601 -0.205383 79.595383 -0.055084 0.204410 0.977334 -0.844191 0.000000 0.000000 0.000000 1.000000
0.998397 0.023467 0.051496 0.071982 -0.012396 0.978558 -0.205599 79.606773 -0.055216 0.204631 0.977281 -0.838426 0.000000 0.000000 0.000000 1.000000
0.998385 0.023525 0.051714 0.078109 -0.012393 0.978500 -0.205873 79.622704 -0.055445 0.204899 0.977211 -0.839404 0.000000 0.000000 0.000000 1.000000
0.998374 0.023706 0.051847 0.079268 -0.012540 0.978488 -0.205923 79.637764 -0.055613 0.204938 0.977194 -0.845588 0.000000 0.000000 0.000000 1.000000
0.998368 0.023883 0.051880 0.076884 -0.012718 0.978528 -0.205722 79.645996 -0.055679 0.204726 0.977234 -0.853726 0.000000 0.000000 0.000000 1.000000
0.998362 0.023974 0.051939 0.073806 -0.012813 0.978594 -0.205403 79.646751 -0.055751 0.204401 0.977298 -0.860765 0.000000 0.000000 0.000000 1.000000
0.998352 0.024009 0.052125 0.071396 -0.012826 0.978657 -0.205100 79.643990 -0.055937 0.204094 0.977352 -0.865311 0.000000 0.000000 0.000000 1.000000
0.998337 0.024050 0.052383 0.069496 -0.012823 0.978687 -0.204959 79.642204 -0.056196 0.203946 0.977368 -0.867032 0.000000 0.000000 0.000000 1.000000
0.998330 0.024022 0.052529 0.067838 -0.012764 0.978681 -0.204991 79.643379 -0.056333 0.203978 0.977353 -0.866815 0.000000 0.000000 0.000000 1.000000
0.998342 0.023821 0.052409 0.065836 -0.012594 0.978692 -0.204946 79.644371 -0.056174 0.203946 0.977369 -0.867011 0.000000 0.000000 0.000000 1.000000
0.998367 0.023526 0.052058 0.062543 -0.012393 0.978760 -0.204634 79.641563 -0.055766 0.203655 0.977453 -0.869286 0.000000 0.000000 0.000000 1.000000
0.998392 0.023279 0.051687 0.058063 -0.012251 0.978850 -0.204212 79.635559 -0.055348 0.203251 0.977561 -0.873162 0.000000 0.000000 0.000000 1.000000
0.998407 0.023120 0.051466 0.054064 -0.012155 0.978906 -0.203950 79.628876 -0.055096 0.202999 0.977628 -0.877044 0.000000 0.000000 0.000000 1.000000
0.998416 0.023009 0.051341 0.051360 -0.012079 0.978934 -0.203821 79.622643 -0.054949 0.202878 0.977661 -0.879566 0.000000 0.000000 0.000000 1.000000
0.998428 0.022891 0.051164 0.048581 -0.012015 0.978993 -0.203539 79.616211 -0.054749 0.202604 0.977729 -0.880317 0.000000 0.000000 0.000000 1.000000
0.998444 0.022745 0.050922 0.044480 -0.011949 0.979096 -0.203050 79.609634 -0.054476 0.202125 0.977843 -0.878516 0.000000 0.000000 0.000000 1.000000
0.998460 0.022589 0.050676 0.039853 -0.011866 0.979174 -0.202676 79.605186 -0.054199 0.201763 0.977934 -0.872414 0.000000 0.000000 0.000000 1.000000
0.998477 0.022406 0.050408 0.037089 -0.011752 0.979216 -0.202480 79.602081 -0.053898 0.201579 0.977988 -0.863099 0.000000 0.000000 0.000000 1.000000
0.998498 0.022168 0.050113 0.036452 -0.011597 0.979292 -0.202123 79.596130 -0.053556 0.201238 0.978077 -0.855617 0.000000 0.000000 0.000000 1.000000
0.998511 0.021946 0.049949 0.034577 -0.011443 0.979406 -0.201576 79.588165 -0.053345 0.200704 0.978198 -0.854447 0.000000 0.000000 0.000000 1.000000
0.998500 0.021859 0.050199 0.027296 -0.011324 0.979473 -0.201257 79.582703 -0.053568 0.200386 0.978251 -0.860930 0.000000 0.000000 0.000000 1.000000
0.998458 0.021895 0.051003 0.013554 -0.011190 0.979446 -0.201396 79.579529 -0.054365 0.200515 0.978181 -0.873978 0.000000 0.000000 0.000000 1.000000
0.998403 0.021941 0.052062 -0.002361 -0.011004 0.979380 -0.201727 79.576256 -0.055415 0.200832 0.978057 -0.891092 0.000000 0.000000 0.000000 1.000000
0.998364 0.021990 0.052776 -0.014283 -0.010907 0.979374 -0.201759 79.573952 -0.056124 0.200853 0.978012 -0.909831 0.000000 0.000000 0.000000 1.000000
0.998354 0.022173 0.052892 -0.021879 -0.011058 0.979355 -0.201847 79.574257 -0.056275 0.200930 0.977988 -0.926810 0.000000 0.000000 0.000000 1.000000
0.998359 0.022347 0.052722 -0.026346 -0.011259 0.979341 -0.201902 79.576653 -0.056145 0.200977 0.977986 -0.935941 0.000000 0.000000 0.000000 1.000000
0.998356 0.022416 0.052759 -0.031853 -0.011308 0.979297 -0.202112 79.576042 -0.056197 0.201183 0.977940 -0.937920 0.000000 0.000000 0.000000 1.000000
0.998341 0.022409 0.053044 -0.037316 -0.011224 0.979231 -0.202438 79.570580 -0.056479 0.201506 0.977858 -0.936375 0.000000 0.000000 0.000000 1.000000
0.998324 0.022420 0.053354 -0.040166 -0.011146 0.979137 -0.202896 79.563850 -0.056790 0.201961 0.977746 -0.934114 0.000000 0.000000 0.000000 1.000000</float_array><technique_common><accessor source="#Zombie_Hips-Matrix-animation-output-transform-array" count="36" stride="16"><param type="float4x4"/></accessor></technique_common></source><source id="Zombie_Hips-Interpolations"><Name_array id="Zombie_Hips-Interpolations-array" count="36">
 LINEAR LINEAR LINEAR LINEAR LINEAR LINEAR LINEAR LINEAR LINEAR LINEAR LINEAR
LINEAR LINEAR LINEAR LINEAR LINEAR LINEAR LINEAR LINEAR LINEAR LINEAR LINEAR LINEAR
LINEAR LINEAR LINEAR LINEAR LINEAR LINEAR LINEAR LINEAR LINEAR LINEAR LINEAR LINEAR
LINEAR</Name_array><technique_common><accessor source="#Zombie_Hips-Interpolations-array" count="36"><param type="name"/></accessor></technique_common></source><sampler id="Zombie_Hips-Matrix-animation-transform"><input semantic="INPUT" source="#Zombie_Hips-Matrix-animation-input"/><input semantic="OUTPUT" source="#Zombie_Hips-Matrix-animation-output-transform"/><input semantic="INTERPOLATION" source="#Zombie_Hips-Interpolations"/></sampler><channel source="#Zombie_Hips-Matrix-animation-transform" target="Zombie_Hips/matrix"/></animation>
    <animation id="Zombie_Spine-anim" name="Zombie_Spine"><source id="Zombie_Spine-Matrix-animation-input"><float_array id="Zombie_Spine-Matrix-animation-input-array" count="36">

0.000000 0.033333 0.066667 0.100000 0.133333 0.166667 0.200000 0.233333 0.266667 0.300000 0.333333 0.366667 0.400000 0.433333 0.466667 0.500000
0.533333 0.566667 0.600000 0.633333 0.666667 0.700000 0.733333 0.766667 0.800000 0.833333 0.866667 0.900000 0.933333 0.966667 1.000000 1.033333
1.066667 1.100000 1.133333 1.166667</float_array><technique_common><accessor source="#Zombie_Spine-Matrix-animation-input-array" count="36"><param name="TIME" type="float"/></accessor></technique_common></source><source id="Zombie_Spine-Matrix-animation-output-transform"><float_array id="Zombie_Spine-Matrix-animation-output-transform-array" count="576">

0.999468 -0.020939 0.025025 0.000000 0.024945 0.984722 -0.172341 9.226300 -0.021034 0.172873 0.984719 1.577100 0.000000 0.000000 0.000000 1.000000
0.999465 -0.020674 0.025360 0.000000 0.024735 0.984779 -0.172044 9.226300 -0.021417 0.172579 0.984763 1.577100 0.000000 0.000000 0.000000 1.000000
0.999455 -0.020477 0.025901 -0.000000 0.024628 0.984835 -0.171734 9.226300 -0.021991 0.172279 0.984803 1.577100 0.000000 0.000000 0.000000 1.000000
0.999442 -0.020247 0.026558 -0.000000 0.024508 0.984888 -0.171449 9.226300 -0.022685 0.172004 0.984835 1.577100 0.000000 0.000000 0.000000 1.000000
0.999432 -0.019978 0.027129 0.000000 0.024335 0.984940 -0.171178 9.226300 -0.023301 0.171741 0.984867 1.577100 0.000000 0.000000 0.000000 1.000000
0.999427 -0.019707 0.027521 0.000000 0.024129 0.984990 -0.170918 9.226300 -0.023740 0.171484 0.984901 1.577100 0.000000 0.000000 0.000000 1.000000
0.999431 -0.019715 0.027378 0.000000 0.024113 0.984985 -0.170948 9.226300 -0.023597 0.171511 0.984900 1.577100 0.000000 0.000000 0.000000 1.000000
0.999435 -0.019786 0.027178 0.000000 0.024148 0.984991 -0.170906 9.226300 -0.023389 0.171466 0.984912 1.577100 0.000000 0.000000 0.000000 1.000000
0.999440 -0.019836 0.026964 0.000000 0.024160 0.984993 -0.170897 9.226300 -0.023169 0.171453 0.984920 1.577100 0.000000 0.000000 0.000000 1.000000
0.999445 -0.019876 0.026729 0.000000 0.024161 0.984980 -0.170971 9.226300 -0.022929 0.171522 0.984913 1.577100 0.000000 0.000000 0.000000 1.000000
0.999447 -0.020014 0.026552 0.000000 0.024267 0.984970 -0.171012 9.226300 -0.022730 0.171562 0.984911 1.577100 0.000000 0.000000 0.000000 1.000000
0.999441 -0.020264 0.026593 0.000000 0.024518 0.984980 -0.170921 9.226300 -0.022731 0.171477 0.984926 1.577100 0.000000 0.000000 0.000000 1.000000
0.999430 -0.020507 0.026828 -0.000000 0.024794 0.985011 -0.170702 9.226300 -0.022925 0.171270 0.984957 1.577100 0.000000 0.000000 0.000000 1.000000
0.999422 -0.020645 0.027019 -0.000000 0.024957 0.985040 -0.170511 9.226300 -0.023094 0.171087 0.984985 1.577100 0.000000 0.000000 0.000000 1.000000
0.999423 -0.020680 0.026949 0.000000 0.024981 0.985027 -0.170578 9.226300 -0.023018 0.171153 0.984976 1.577100 0.000000 0.000000 0.000000 1.000000
0.999432 -0.020686 0.026590 -0.000000 0.024933 0.984976 -0.170880 9.226300 -0.022655 0.171446 0.984933 1.577100 0.000000 0.000000 0.000000 1.000000
0.999443 -0.020750 0.026144 0.000000 0.024926 0.984926 -0.171169 9.226300 -0.022198 0.171725 0.984895 1.577100 0.000000 0.000000 0.000000 1.000000
0.999447 -0.020924 0.025826 0.000000 0.025047 0.984891 -0.171356 9.226300 -0.021850 0.171908 0.984871 1.577100 0.000000 0.000000 0.000000 1.000000
0.999448 -0.021170 0.025618 0.000000 0.025257 0.984862 -0.171492 9.226300 -0.021600 0.172045 0.984852 1.577100 0.000000 0.000000 0.000000 1.000000
0.999449 -0.021356 0.025405 0.000000 0.025405 0.984840 -0.171596 9.226300 -0.021356 0.172147 0.984840 1.577100 0.000000 0.000000 0.000000 1.000000
0.999454 -0.021409 0.025175 -0.000000 0.025420 0.984828 -0.171659 9.226300 -0.021118 0.172205 0.984835 1.577100 0.000000 0.000000 0.000000 1.000000
0.999458 -0.021409 0.025017 -0.000000 0.025392 0.984831 -0.171646 9.226300 -0.020963 0.172188 0.984841 1.577100 0.000000 0.000000 0.000000 1.000000
0.999458 -0.021431 0.024988 0.000000 0.025409 0.984830 -0.171649 9.226300 -0.020931 0.172191 0.984841 1.577100 0.000000 0.000000 0.000000 1.000000
0.999458 -0.021500 0.024944 -0.000000 0.025473 0.984798 -0.171824 9.226300 -0.020871 0.172366 0.984812 1.577100 0.000000 0.000000 0.000000 1.000000
0.999458 -0.021628 0.024816 0.000000 0.025582 0.984755 -0.172056 9.226300 -0.020717 0.172597 0.984775 1.577100 0.000000 0.000000 0.000000 1.000000
0.999455 -0.021677 0.024901 -0.000000 0.025647 0.984731 -0.172181 9.226300 -0.020788 0.172726 0.984751 1.577100 0.000000 0.000000 0.000000 1.000000
0.999448 -0.021556 0.025275 0.000000 0.025594 0.984719 -0.172261 9.226300 -0.021175 0.172813 0.984727 1.577100 0.000000 0.000000 0.000000 1.000000
0.999445 -0.021455 0.025465 0.000000 0.025530 0.984708 -0.172335 9.226300 -0.021378 0.172889 0.984709 1.577100 0.000000 0.000000 0.000000 1.000000
0.999450 -0.021511 0.025220 0.000000 0.025543 0.984707 -0.172338 9.226300 -0.021127 0.172887 0.984715 1.577100 0.000000 0.000000 0.000000 1.000000
0.999458 -0.021592 0.024862 0.000000 0.025559 0.984712 -0.172304 9.226300 -0.020762 0.172846 0.984730 1.577100 0.000000 0.000000 0.000000 1.000000
0.999460 -0.021641 0.024714 0.000000 0.025584 0.984698 -0.172379 9.226300 -0.020605 0.172918 0.984721 1.577100 0.000000 0.000000 0.000000 1.000000
0.999457 -0.021577 0.024895 0.000000 0.025554 0.984686 -0.172457 9.226300 -0.020792 0.173000 0.984702 1.577100 0.000000 0.000000 0.000000 1.000000
0.999456 -0.021558 0.024941 -0.000000 0.025546 0.984661 -0.172600 9.226300 -0.020837 0.173143 0.984676 1.577100 0.000000 0.000000 0.000000 1.000000
0.999462 -0.021479 0.024796 0.000000 0.025444 0.984654 -0.172651 9.226300 -0.020707 0.173189 0.984671 1.577100 0.000000 0.000000 0.000000 1.000000
0.999468 -0.021268 0.024745 0.000000 0.025225 0.984676 -0.172558 9.226300 -0.020696 0.173090 0.984689 1.577100 0.000000 0.000000 0.000000 1.000000
0.999468 -0.020939 0.025025 0.000000 0.024945 0.984722 -0.172341 9.226300 -0.021034 0.172873 0.984719 1.577100 0.000000 0.000000 0.000000 1.000000</float_array><technique_common><accessor source="#Zombie_Spine-Matrix-animation-output-transform-array" count="36" stride="16"><param type="float4x4"/></accessor></technique_common></source><source id="Zombie_Spine-Interpolations"><Name_array id="Zombie_Spine-Interpolations-array" count="36">
 LINEAR LINEAR LINEAR LINEAR LINEAR LINEAR LINEAR LINEAR LINEAR LINEAR LINEAR
LINEAR LINEAR LINEAR LINEAR LINEAR LINEAR LINEAR LINEAR LINEAR LINEAR LINEAR LINEAR
LINEAR LINEAR LINEAR LINEAR LINEAR LINEAR LINEAR LINEAR LINEAR LINEAR LINEAR LINEAR
LINEAR</Name_array><technique_common><accessor source="#Zombie_Spine-Interpolations-array" count="36"><param type="name"/></accessor></technique_common></source><sampler id="Zombie_Spine-Matrix-animation-transform"><input semantic="INPUT" source="#Zombie_Spine-Matrix-animation-input"/><input semantic="OUTPUT" source="#Zombie_Spine-Matrix-animation-output-transform"/><input semantic="INTERPOLATION" source="#Zombie_Spine-Interpolations"/></sampler><channel source="#Zombie_Spine-Matrix-animation-transform" target="Zombie_Spine/matrix"/></animation>
    <animation id="Zombie_Spine1-anim" name="Zombie_Spine1"><source id="Zombie_Spine1-Matrix-animation-input"><float_array id="Zombie_Spine1-Matrix-animation-input-array" count="36">

0.000000 0.033333 0.066667 0.100000 0.133333 0.166667 0.200000 0.233333 0.266667 0.300000 0.333333 0.366667 0.400000 0.433333 0.466667 0.500000
0.533333 0.566667 0.600000 0.633333 0.666667 0.700000 0.733333 0.766667 0.800000 0.833333 0.866667 0.900000 0.933333 0.966667 1.000000 1.033333
1.066667 1.100000 1.133333 1.166667</float_array><technique_common><accessor source="#Zombie_Spine1-Matrix-animation-input-array" count="36"><param name="TIME" type="float"/></accessor></technique_common></source><source id="Zombie_Spine1-Matrix-animation-output-transform"><float_array id="Zombie_Spine1-Matrix-animation-output-transform-array" count="576">

0.999913 -0.001179 0.013146 -0.000000 0.002918 0.991108 -0.133029 16.254000 -0.012872 0.133056 0.991025 -0.165600 0.000000 0.000000 0.000000 1.000000
0.999909 -0.001024 0.013426 0.000000 0.002799 0.991136 -0.132818 16.254000 -0.013171 0.132844 0.991049 -0.165600 0.000000 0.000000 0.000000 1.000000
0.999904 -0.000862 0.013841 -0.000000 0.002690 0.991167 -0.132590 16.254000 -0.013605 0.132614 0.991074 -0.165600 0.000000 0.000000 0.000000 1.000000
0.999897 -0.000699 0.014357 0.000000 0.002593 0.991199 -0.132356 16.254000 -0.014138 0.132379 0.991098 -0.165600 0.000000 0.000000 0.000000 1.000000
0.999890 -0.000560 0.014828 -0.000000 0.002515 0.991231 -0.132115 16.254000 -0.014624 0.132138 0.991123 -0.165600 0.000000 0.000000 0.000000 1.000000
0.999885 -0.000424 0.015168 0.000000 0.002421 0.991263 -0.131880 16.254000 -0.014980 0.131902 0.991150 -0.165600 0.000000 0.000000 0.000000 1.000000
0.999887 -0.000396 0.015053 -0.000000 0.002377 0.991265 -0.131867 16.254000 -0.014870 0.131888 0.991153 -0.165600 0.000000 0.000000 0.000000 1.000000
0.999889 -0.000364 0.014870 0.000000 0.002321 0.991273 -0.131802 16.254000 -0.014692 0.131822 0.991165 -0.165600 0.000000 0.000000 0.000000 1.000000
0.999892 -0.000356 0.014683 0.000000 0.002288 0.991280 -0.131753 16.254000 -0.014508 0.131772 0.991174 -0.165600 0.000000 0.000000 0.000000 1.000000
0.999895 -0.000392 0.014496 0.000000 0.002299 0.991276 -0.131779 16.254000 -0.014318 0.131798 0.991173 -0.165600 0.000000 0.000000 0.000000 1.000000
0.999897 -0.000458 0.014338 0.000000 0.002344 0.991269 -0.131833 16.254000 -0.014153 0.131853 0.991168 -0.165600 0.000000 0.000000 0.000000 1.000000
0.999897 -0.000515 0.014315 0.000000 0.002398 0.991268 -0.131840 16.254000 -0.014122 0.131861 0.991168 -0.165600 0.000000 0.000000 0.000000 1.000000
0.999896 -0.000554 0.014440 0.000000 0.002452 0.991277 -0.131772 16.254000 -0.014241 0.131793 0.991175 -0.165600 0.000000 0.000000 0.000000 1.000000
0.999894 -0.000591 0.014563 0.000000 0.002505 0.991286 -0.131703 16.254000 -0.014358 0.131726 0.991182 -0.165600 0.000000 0.000000 0.000000 1.000000
0.999894 -0.000638 0.014512 -0.000000 0.002544 0.991278 -0.131766 16.254000 -0.014302 0.131789 0.991175 -0.165600 0.000000 0.000000 0.000000 1.000000
0.999898 -0.000699 0.014247 0.000000 0.002573 0.991254 -0.131944 16.254000 -0.014030 0.131967 0.991155 -0.165600 0.000000 0.000000 0.000000 1.000000
0.999903 -0.000778 0.013906 -0.000000 0.002609 0.991231 -0.132114 16.254000 -0.013682 0.132137 0.991137 -0.165600 0.000000 0.000000 0.000000 1.000000
0.999906 -0.000878 0.013647 0.000000 0.002675 0.991213 -0.132245 16.254000 -0.013411 0.132269 0.991123 -0.165600 0.000000 0.000000 0.000000 1.000000
0.999909 -0.001001 0.013462 -0.000000 0.002774 0.991198 -0.132357 16.254000 -0.013211 0.132382 0.991111 -0.165600 0.000000 0.000000 0.000000 1.000000
0.999911 -0.001107 0.013282 0.000000 0.002857 0.991188 -0.132433 16.254000 -0.013019 0.132459 0.991103 -0.165600 0.000000 0.000000 0.000000 1.000000
0.999913 -0.001167 0.013110 -0.000000 0.002894 0.991183 -0.132467 16.254000 -0.012840 0.132493 0.991101 -0.165600 0.000000 0.000000 0.000000 1.000000
0.999915 -0.001194 0.013003 -0.000000 0.002906 0.991182 -0.132476 16.254000 -0.012731 0.132502 0.991101 -0.165600 0.000000 0.000000 0.000000 1.000000
0.999915 -0.001200 0.012987 -0.000000 0.002911 0.991176 -0.132523 16.254000 -0.012713 0.132550 0.991095 -0.165600 0.000000 0.000000 0.000000 1.000000
0.999916 -0.001215 0.012942 0.000000 0.002921 0.991161 -0.132636 16.254000 -0.012667 0.132663 0.991080 -0.165600 0.000000 0.000000 0.000000 1.000000
0.999917 -0.001266 0.012823 0.000000 0.002957 0.991151 -0.132704 16.254000 -0.012541 0.132731 0.991073 -0.165600 0.000000 0.000000 0.000000 1.000000
0.999916 -0.001287 0.012882 -0.000000 0.002985 0.991152 -0.132695 16.254000 -0.012597 0.132722 0.991073 -0.165600 0.000000 0.000000 0.000000 1.000000
0.999912 -0.001240 0.013196 0.000000 0.002981 0.991148 -0.132725 16.254000 -0.012915 0.132752 0.991065 -0.165600 0.000000 0.000000 0.000000 1.000000
0.999910 -0.001232 0.013373 -0.000000 0.002997 0.991139 -0.132798 16.254000 -0.013091 0.132827 0.991053 -0.165600 0.000000 0.000000 0.000000 1.000000
0.999912 -0.001273 0.013176 0.000000 0.003012 0.991136 -0.132816 16.254000 -0.012890 0.132844 0.991053 -0.165600 0.000000 0.000000 0.000000 1.000000
0.999917 -0.001253 0.012855 0.000000 0.002949 0.991140 -0.132789 16.254000 -0.012575 0.132816 0.991061 -0.165600 0.000000 0.000000 0.000000 1.000000
0.999919 -0.001215 0.012702 0.000000 0.002892 0.991130 -0.132861 16.254000 -0.012428 0.132887 0.991053 -0.165600 0.000000 0.000000 0.000000 1.000000
0.999916 -0.001249 0.012871 -0.000000 0.002949 0.991113 -0.132993 16.254000 -0.012590 0.133020 0.991033 -0.165600 0.000000 0.000000 0.000000 1.000000
0.999915 -0.001370 0.012958 0.000000 0.003084 0.991090 -0.133161 16.254000 -0.012660 0.133189 0.991010 -0.165600 0.000000 0.000000 0.000000 1.000000
0.999916 -0.001424 0.012892 -0.000000 0.003129 0.991081 -0.133223 16.254000 -0.012587 0.133252 0.991002 -0.165600 0.000000 0.000000 0.000000 1.000000
0.999916 -0.001345 0.012889 -0.000000 0.003049 0.991090 -0.133161 16.254000 -0.012595 0.133189 0.991011 -0.165600 0.000000 0.000000 0.000000 1.000000
0.999913 -0.001179 0.013146 -0.000000 0.002918 0.991108 -0.133029 16.254000 -0.012872 0.133056 0.991025 -0.165600 0.000000 0.000000 0.000000 1.000000</float_array><technique_common><accessor source="#Zombie_Spine1-Matrix-animation-output-transform-array" count="36" stride="16"><param type="float4x4"/></accessor></technique_common></source><source id="Zombie_Spine1-Interpolations"><Name_array id="Zombie_Spine1-Interpolations-array" count="36">
 LINEAR LINEAR LINEAR LINEAR LINEAR LINEAR LINEAR LINEAR LINEAR LINEAR LINEAR
LINEAR LINEAR LINEAR LINEAR LINEAR LINEAR LINEAR LINEAR LINEAR LINEAR LINEAR LINEAR
LINEAR LINEAR LINEAR LINEAR LINEAR LINEAR LINEAR LINEAR LINEAR LINEAR LINEAR LINEAR
LINEAR</Name_array><technique_common><accessor source="#Zombie_Spine1-Interpolations-array" count="36"><param type="name"/></accessor></technique_common></source><sampler id="Zombie_Spine1-Matrix-animation-transform"><input semantic="INPUT" source="#Zombie_Spine1-Matrix-animation-input"/><input semantic="OUTPUT" source="#Zombie_Spine1-Matrix-animation-output-transform"/><input semantic="INTERPOLATION" source="#Zombie_Spine1-Interpolations"/></sampler><channel source="#Zombie_Spine1-Matrix-animation-transform" target="Zombie_Spine1/matrix"/></animation>
    <animation id="Zombie_Spine2-anim" name="Zombie_Spine2"><source id="Zombie_Spine2-Matrix-animation-input"><float_array id="Zombie_Spine2-Matrix-animation-input-array" count="36">

0.000000 0.033333 0.066667 0.100000 0.133333 0.166667 0.200000 0.233333 0.266667 0.300000 0.333333 0.366667 0.400000 0.433333 0.466667 0.500000
0.533333 0.566667 0.600000 0.633333 0.666667 0.700000 0.733333 0.766667 0.800000 0.833333 0.866667 0.900000 0.933333 0.966667 1.000000 1.033333
1.066667 1.100000 1.133333 1.166667</float_array><technique_common><accessor source="#Zombie_Spine2-Matrix-animation-input-array" count="36"><param name="TIME" type="float"/></accessor></technique_common></source><source id="Zombie_Spine2-Matrix-animation-output-transform"><float_array id="Zombie_Spine2-Matrix-animation-output-transform-array" count="576">

0.999892 -0.000853 0.014672 0.000000 0.002795 0.991128 -0.132881 13.639600 -0.014429 0.132908 0.991023 -1.292300 0.000000 0.000000 0.000000 1.000000
0.999888 -0.000696 0.014950 0.000000 0.002674 0.991157 -0.132668 13.639600 -0.014726 0.132693 0.991048 -1.292300 0.000000 0.000000 0.000000 1.000000
0.999882 -0.000529 0.015370 -0.000000 0.002560 0.991189 -0.132433 13.639600 -0.015164 0.132457 0.991073 -1.292300 0.000000 0.000000 0.000000 1.000000
0.999874 -0.000359 0.015892 0.000000 0.002457 0.991221 -0.132192 13.639600 -0.015705 0.132215 0.991097 -1.292300 0.000000 0.000000 0.000000 1.000000
0.999866 -0.000213 0.016374 0.000000 0.002372 0.991254 -0.131945 13.639600 -0.016203 0.131967 0.991122 -1.292300 0.000000 0.000000 0.000000 1.000000
0.999860 -0.000070 0.016727 0.000000 0.002273 0.991287 -0.131703 13.639600 -0.016572 0.131723 0.991148 -1.292300 0.000000 0.000000 0.000000 1.000000
0.999862 -0.000039 0.016627 0.000000 0.002228 0.991288 -0.131690 13.639600 -0.016477 0.131709 0.991152 -1.292300 0.000000 0.000000 0.000000 1.000000
0.999865 -0.000006 0.016453 -0.000000 0.002172 0.991297 -0.131625 13.639600 -0.016309 0.131643 0.991163 -1.292300 0.000000 0.000000 0.000000 1.000000
0.999868 0.000004 0.016276 -0.000000 0.002138 0.991304 -0.131576 13.639600 -0.016135 0.131594 0.991172 -1.292300 0.000000 0.000000 0.000000 1.000000
0.999870 -0.000031 0.016102 -0.000000 0.002150 0.991300 -0.131604 13.639600 -0.015957 0.131621 0.991172 -1.292300 0.000000 0.000000 0.000000 1.000000
0.999873 -0.000097 0.015950 -0.000000 0.002197 0.991293 -0.131659 13.639600 -0.015798 0.131677 0.991167 -1.292300 0.000000 0.000000 0.000000 1.000000
0.999873 -0.000158 0.015923 0.000000 0.002253 0.991291 -0.131667 13.639600 -0.015763 0.131686 0.991166 -1.292300 0.000000 0.000000 0.000000 1.000000
0.999871 -0.000202 0.016037 0.000000 0.002311 0.991300 -0.131599 13.639600 -0.015871 0.131619 0.991173 -1.292300 0.000000 0.000000 0.000000 1.000000
0.999870 -0.000243 0.016150 0.000000 0.002365 0.991309 -0.131530 13.639600 -0.015977 0.131551 0.991181 -1.292300 0.000000 0.000000 0.000000 1.000000
0.999870 -0.000291 0.016097 -0.000000 0.002407 0.991301 -0.131593 13.639600 -0.015919 0.131615 0.991173 -1.292300 0.000000 0.000000 0.000000 1.000000
0.999875 -0.000353 0.015834 0.000000 0.002436 0.991277 -0.131775 13.639600 -0.015649 0.131797 0.991153 -1.292300 0.000000 0.000000 0.000000 1.000000
0.999880 -0.000433 0.015488 0.000000 0.002474 0.991253 -0.131949 13.639600 -0.015295 0.131971 0.991136 -1.292300 0.000000 0.000000 0.000000 1.000000
0.999884 -0.000538 0.015213 0.000000 0.002543 0.991235 -0.132085 13.639600 -0.015009 0.132109 0.991122 -1.292300 0.000000 0.000000 0.000000 1.000000
0.999887 -0.000664 0.015014 -0.000000 0.002644 0.991219 -0.132202 13.639600 -0.014794 0.132226 0.991109 -1.292300 0.000000 0.000000 0.000000 1.000000
0.999890 -0.000773 0.014829 0.000000 0.002729 0.991209 -0.132280 13.639600 -0.014596 0.132306 0.991101 -1.292300 0.000000 0.000000 0.000000 1.000000
0.999892 -0.000834 0.014661 0.000000 0.002767 0.991204 -0.132315 13.639600 -0.014421 0.132342 0.991099 -1.292300 0.000000 0.000000 0.000000 1.000000
0.999894 -0.000861 0.014558 0.000000 0.002780 0.991203 -0.132325 13.639600 -0.014316 0.132351 0.991100 -1.292300 0.000000 0.000000 0.000000 1.000000
0.999894 -0.000869 0.014540 -0.000000 0.002787 0.991196 -0.132373 13.639600 -0.014297 0.132399 0.991093 -1.292300 0.000000 0.000000 0.000000 1.000000
0.999895 -0.000884 0.014493 0.000000 0.002797 0.991181 -0.132486 13.639600 -0.014249 0.132513 0.991079 -1.292300 0.000000 0.000000 0.000000 1.000000
0.999896 -0.000934 0.014370 0.000000 0.002831 0.991172 -0.132556 13.639600 -0.014119 0.132583 0.991071 -1.292300 0.000000 0.000000 0.000000 1.000000
0.999895 -0.000952 0.014425 0.000000 0.002855 0.991173 -0.132546 13.639600 -0.014172 0.132573 0.991072 -1.292300 0.000000 0.000000 0.000000 1.000000
0.999891 -0.000900 0.014745 0.000000 0.002847 0.991169 -0.132573 13.639600 -0.014495 0.132600 0.991064 -1.292300 0.000000 0.000000 0.000000 1.000000
0.999888 -0.000888 0.014934 0.000000 0.002861 0.991160 -0.132644 13.639600 -0.014684 0.132672 0.991051 -1.292300 0.000000 0.000000 0.000000 1.000000
0.999891 -0.000930 0.014745 0.000000 0.002878 0.991157 -0.132662 13.639600 -0.014491 0.132690 0.991052 -1.292300 0.000000 0.000000 0.000000 1.000000
0.999895 -0.000911 0.014435 0.000000 0.002818 0.991161 -0.132638 13.639600 -0.014187 0.132665 0.991059 -1.292300 0.000000 0.000000 0.000000 1.000000
0.999897 -0.000872 0.014296 -0.000000 0.002762 0.991151 -0.132710 13.639600 -0.014054 0.132736 0.991052 -1.292300 0.000000 0.000000 0.000000 1.000000
0.999895 -0.000906 0.014464 -0.000000 0.002820 0.991133 -0.132841 13.639600 -0.014216 0.132868 0.991032 -1.292300 0.000000 0.000000 0.000000 1.000000
0.999894 -0.001032 0.014540 0.000000 0.002957 0.991110 -0.133010 13.639600 -0.014273 0.133039 0.991008 -1.292300 0.000000 0.000000 0.000000 1.000000
0.999895 -0.001092 0.014454 0.000000 0.003006 0.991101 -0.133076 13.639600 -0.014180 0.133105 0.991000 -1.292300 0.000000 0.000000 0.000000 1.000000
0.999895 -0.001017 0.014431 0.000000 0.002928 0.991110 -0.133015 13.639600 -0.014168 0.133043 0.991009 -1.292300 0.000000 0.000000 0.000000 1.000000
0.999892 -0.000853 0.014672 0.000000 0.002795 0.991128 -0.132881 13.639600 -0.014429 0.132908 0.991023 -1.292300 0.000000 0.000000 0.000000 1.000000</float_array><technique_common><accessor source="#Zombie_Spine2-Matrix-animation-output-transform-array" count="36" stride="16"><param type="float4x4"/></accessor></technique_common></source><source id="Zombie_Spine2-Interpolations"><Name_array id="Zombie_Spine2-Interpolations-array" count="36">
 LINEAR LINEAR LINEAR LINEAR LINEAR LINEAR LINEAR LINEAR LINEAR LINEAR LINEAR
LINEAR LINEAR LINEAR LINEAR LINEAR LINEAR LINEAR LINEAR LINEAR LINEAR LINEAR LINEAR
LINEAR LINEAR LINEAR LINEAR LINEAR LINEAR LINEAR LINEAR LINEAR LINEAR LINEAR LINEAR
LINEAR</Name_array><technique_common><accessor source="#Zombie_Spine2-Interpolations-array" count="36"><param type="name"/></accessor></technique_common></source><sampler id="Zombie_Spine2-Matrix-animation-transform"><input semantic="INPUT" source="#Zombie_Spine2-Matrix-animation-input"/><input semantic="OUTPUT" source="#Zombie_Spine2-Matrix-animation-output-transform"/><input semantic="INTERPOLATION" source="#Zombie_Spine2-Interpolations"/></sampler><channel source="#Zombie_Spine2-Matrix-animation-transform" target="Zombie_Spine2/matrix"/></animation>
    <animation id="Zombie_Neck-anim" name="Zombie_Neck"><source id="Zombie_Neck-Matrix-animation-input"><float_array id="Zombie_Neck-Matrix-animation-input-array" count="36">

0.000000 0.033333 0.066667 0.100000 0.133333 0.166667 0.200000 0.233333 0.266667 0.300000 0.333333 0.366667 0.400000 0.433333 0.466667 0.500000
0.533333 0.566667 0.600000 0.633333 0.666667 0.700000 0.733333 0.766667 0.800000 0.833333 0.866667 0.900000 0.933333 0.966667 1.000000 1.033333
1.066667 1.100000 1.133333 1.166667</float_array><technique_common><accessor source="#Zombie_Neck-Matrix-animation-input-array" count="36"><param name="TIME" type="float"/></accessor></technique_common></source><source id="Zombie_Neck-Matrix-animation-output-transform"><float_array id="Zombie_Neck-Matrix-animation-output-transform-array" count="576">

0.997814 -0.064710 -0.013417 0.000000 0.065731 0.992809 0.100051 13.877400 0.006846 -0.100714 0.994892 -4.354200 0.000000 0.000000 0.000000 1.000000
0.997792 -0.065021 -0.013577 -0.000000 0.066058 0.992770 0.100219 13.877400 0.006963 -0.100894 0.994873 -4.354200 0.000000 0.000000 0.000000 1.000000
0.997748 -0.065612 -0.013943 0.000000 0.066684 0.992704 0.100462 13.877400 0.007250 -0.101165 0.994843 -4.354200 0.000000 0.000000 0.000000 1.000000
0.997700 -0.066251 -0.014346 0.000000 0.067363 0.992619 0.100846 13.877400 0.007559 -0.101581 0.994799 -4.354200 0.000000 0.000000 0.000000 1.000000
0.997669 -0.066678 -0.014507 -0.000000 0.067807 0.992561 0.101119 13.877400 0.007657 -0.101867 0.994769 -4.354200 0.000000 0.000000 0.000000 1.000000
0.997662 -0.066816 -0.014361 0.000000 0.067930 0.992554 0.101105 13.877400 0.007499 -0.101844 0.994772 -4.354200 0.000000 0.000000 0.000000 1.000000
0.997682 -0.066586 -0.014055 0.000000 0.067668 0.992599 0.100839 13.877400 0.007237 -0.101557 0.994803 -4.354200 0.000000 0.000000 0.000000 1.000000
0.997699 -0.066355 -0.013925 0.000000 0.067424 0.992620 0.100792 13.877400 0.007134 -0.101499 0.994810 -4.354200 0.000000 0.000000 0.000000 1.000000
0.997704 -0.066267 -0.013958 0.000000 0.067341 0.992610 0.100946 13.877400 0.007166 -0.101654 0.994794 -4.354200 0.000000 0.000000 0.000000 1.000000
0.997702 -0.066292 -0.014011 -0.000000 0.067372 0.992596 0.101068 13.877400 0.007208 -0.101780 0.994781 -4.354200 0.000000 0.000000 0.000000 1.000000
0.997700 -0.066325 -0.014009 -0.000000 0.067403 0.992607 0.100937 13.877400 0.007211 -0.101649 0.994794 -4.354200 0.000000 0.000000 0.000000 1.000000
0.997700 -0.066321 -0.013996 0.000000 0.067396 0.992650 0.100520 13.877400 0.007227 -0.101232 0.994837 -4.354200 0.000000 0.000000 0.000000 1.000000
0.997701 -0.066304 -0.014039 0.000000 0.067378 0.992715 0.099884 13.877400 0.007314 -0.100601 0.994900 -4.354200 0.000000 0.000000 0.000000 1.000000
0.997693 -0.066396 -0.014141 0.000000 0.067475 0.992776 0.099212 13.877400 0.007452 -0.099937 0.994966 -4.354200 0.000000 0.000000 0.000000 1.000000
0.997677 -0.066630 -0.014195 0.000000 0.067710 0.992802 0.098790 13.877400 0.007510 -0.099522 0.995007 -4.354200 0.000000 0.000000 0.000000 1.000000
0.997672 -0.066733 -0.014071 0.000000 0.067799 0.992812 0.098632 13.877400 0.007388 -0.099357 0.995024 -4.354200 0.000000 0.000000 0.000000 1.000000
0.997693 -0.066463 -0.013821 0.000000 0.067505 0.992845 0.098496 13.877400 0.007176 -0.099202 0.995041 -4.354200 0.000000 0.000000 0.000000 1.000000
0.997730 -0.065950 -0.013605 0.000000 0.066971 0.992897 0.098342 13.877400 0.007022 -0.099030 0.995060 -4.354200 0.000000 0.000000 0.000000 1.000000
0.997763 -0.065487 -0.013467 -0.000000 0.066496 0.992937 0.098253 13.877400 0.006938 -0.098928 0.995070 -4.354200 0.000000 0.000000 0.000000 1.000000
0.997777 -0.065285 -0.013385 0.000000 0.066287 0.992949 0.098276 13.877400 0.006875 -0.098945 0.995069 -4.354200 0.000000 0.000000 0.000000 1.000000
0.997774 -0.065330 -0.013362 0.000000 0.066331 0.992937 0.098365 13.877400 0.006841 -0.099033 0.995061 -4.354200 0.000000 0.000000 0.000000 1.000000
0.997767 -0.065425 -0.013402 0.000000 0.066429 0.992933 0.098339 13.877400 0.006873 -0.099010 0.995063 -4.354200 0.000000 0.000000 0.000000 1.000000
0.997765 -0.065443 -0.013464 -0.000000 0.066452 0.992942 0.098240 13.877400 0.006940 -0.098915 0.995072 -4.354200 0.000000 0.000000 0.000000 1.000000
0.997773 -0.065331 -0.013428 0.000000 0.066338 0.992949 0.098238 13.877400 0.006916 -0.098910 0.995072 -4.354200 0.000000 0.000000 0.000000 1.000000
0.997792 -0.065079 -0.013258 0.000000 0.066069 0.992978 0.098130 13.877400 0.006778 -0.098789 0.995085 -4.354200 0.000000 0.000000 0.000000 1.000000
0.997802 -0.064939 -0.013168 0.000000 0.065918 0.993018 0.097831 13.877400 0.006723 -0.098484 0.995116 -4.354200 0.000000 0.000000 0.000000 1.000000
0.997789 -0.065121 -0.013299 0.000000 0.066112 0.993018 0.097700 13.877400 0.006844 -0.098363 0.995127 -4.354200 0.000000 0.000000 0.000000 1.000000
0.997767 -0.065413 -0.013476 0.000000 0.066421 0.992979 0.097885 13.877400 0.006978 -0.098561 0.995107 -4.354200 0.000000 0.000000 0.000000 1.000000
0.997753 -0.065615 -0.013546 -0.000000 0.066632 0.992930 0.098236 13.877400 0.007004 -0.098918 0.995071 -4.354200 0.000000 0.000000 0.000000 1.000000
0.997742 -0.065778 -0.013573 0.000000 0.066799 0.992882 0.098608 13.877400 0.006990 -0.099292 0.995034 -4.354200 0.000000 0.000000 0.000000 1.000000
0.997737 -0.065855 -0.013603 0.000000 0.066880 0.992851 0.098860 13.877400 0.006995 -0.099546 0.995008 -4.354200 0.000000 0.000000 0.000000 1.000000
0.997755 -0.065583 -0.013565 0.000000 0.066608 0.992837 0.099190 13.877400 0.006963 -0.099871 0.994976 -4.354200 0.000000 0.000000 0.000000 1.000000
0.997783 -0.065178 -0.013454 0.000000 0.066196 0.992837 0.099466 13.877400 0.006875 -0.100136 0.994950 -4.354200 0.000000 0.000000 0.000000 1.000000
0.997807 -0.064831 -0.013344 0.000000 0.065842 0.992839 0.099679 13.877400 0.006787 -0.100339 0.994930 -4.354200 0.000000 0.000000 0.000000 1.000000
0.997817 -0.064679 -0.013332 -0.000000 0.065690 0.992832 0.099845 13.877400 0.006778 -0.100502 0.994914 -4.354200 0.000000 0.000000 0.000000 1.000000
0.997814 -0.064710 -0.013417 0.000000 0.065731 0.992809 0.100051 13.877400 0.006846 -0.100714 0.994892 -4.354200 0.000000 0.000000 0.000000 1.000000</float_array><technique_common><accessor source="#Zombie_Neck-Matrix-animation-output-transform-array" count="36" stride="16"><param type="float4x4"/></accessor></technique_common></source><source id="Zombie_Neck-Interpolations"><Name_array id="Zombie_Neck-Interpolations-array" count="36">
 LINEAR LINEAR LINEAR LINEAR LINEAR LINEAR LINEAR LINEAR LINEAR LINEAR LINEAR
LINEAR LINEAR LINEAR LINEAR LINEAR LINEAR LINEAR LINEAR LINEAR LINEAR LINEAR LINEAR
LINEAR LINEAR LINEAR LINEAR LINEAR LINEAR LINEAR LINEAR LINEAR LINEAR LINEAR LINEAR
LINEAR</Name_array><technique_common><accessor source="#Zombie_Neck-Interpolations-array" count="36"><param type="name"/></accessor></technique_common></source><sampler id="Zombie_Neck-Matrix-animation-transform"><input semantic="INPUT" source="#Zombie_Neck-Matrix-animation-input"/><input semantic="OUTPUT" source="#Zombie_Neck-Matrix-animation-output-transform"/><input semantic="INTERPOLATION" source="#Zombie_Neck-Interpolations"/></sampler><channel source="#Zombie_Neck-Matrix-animation-transform" target="Zombie_Neck/matrix"/></animation>
    <animation id="Zombie_Neck1-anim" name="Zombie_Neck1"><source id="Zombie_Neck1-Matrix-animation-input"><float_array id="Zombie_Neck1-Matrix-animation-input-array" count="36">

0.000000 0.033333 0.066667 0.100000 0.133333 0.166667 0.200000 0.233333 0.266667 0.300000 0.333333 0.366667 0.400000 0.433333 0.466667 0.500000
0.533333 0.566667 0.600000 0.633333 0.666667 0.700000 0.733333 0.766667 0.800000 0.833333 0.866667 0.900000 0.933333 0.966667 1.000000 1.033333
1.066667 1.100000 1.133333 1.166667</float_array><technique_common><accessor source="#Zombie_Neck1-Matrix-animation-input-array" count="36"><param name="TIME" type="float"/></accessor></technique_common></source><source id="Zombie_Neck1-Matrix-animation-output-transform"><float_array id="Zombie_Neck1-Matrix-animation-output-transform-array" count="576">

0.997814 -0.064711 -0.013417 0.000000 0.065731 0.992809 0.100050 4.340000 0.006846 -0.100713 0.994892 0.926900 0.000000 0.000000 0.000000 1.000000
0.997792 -0.065021 -0.013577 0.000000 0.066058 0.992770 0.100219 4.340000 0.006963 -0.100894 0.994873 0.926900 0.000000 0.000000 0.000000 1.000000
0.997748 -0.065612 -0.013943 -0.000000 0.066684 0.992704 0.100462 4.340000 0.007249 -0.101166 0.994843 0.926900 0.000000 0.000000 0.000000 1.000000
0.997700 -0.066251 -0.014346 0.000000 0.067363 0.992619 0.100847 4.340000 0.007559 -0.101581 0.994799 0.926900 0.000000 0.000000 0.000000 1.000000
0.997669 -0.066678 -0.014507 0.000000 0.067807 0.992561 0.101120 4.340000 0.007657 -0.101868 0.994768 0.926900 0.000000 0.000000 0.000000 1.000000
0.997662 -0.066816 -0.014361 -0.000000 0.067930 0.992554 0.101106 4.340000 0.007499 -0.101845 0.994772 0.926900 0.000000 0.000000 0.000000 1.000000
0.997682 -0.066586 -0.014055 0.000000 0.067668 0.992599 0.100838 4.340000 0.007237 -0.101556 0.994804 0.926900 0.000000 0.000000 0.000000 1.000000
0.997699 -0.066355 -0.013925 0.000000 0.067424 0.992620 0.100791 4.340000 0.007134 -0.101498 0.994810 0.926900 0.000000 0.000000 0.000000 1.000000
0.997704 -0.066267 -0.013958 0.000000 0.067341 0.992610 0.100945 4.340000 0.007166 -0.101653 0.994794 0.926900 0.000000 0.000000 0.000000 1.000000
0.997702 -0.066292 -0.014011 0.000000 0.067372 0.992596 0.101068 4.340000 0.007208 -0.101780 0.994781 0.926900 0.000000 0.000000 0.000000 1.000000
0.997700 -0.066325 -0.014009 0.000000 0.067403 0.992607 0.100938 4.340000 0.007211 -0.101650 0.994794 0.926900 0.000000 0.000000 0.000000 1.000000
0.997700 -0.066321 -0.013997 0.000000 0.067396 0.992650 0.100521 4.340000 0.007227 -0.101234 0.994836 0.926900 0.000000 0.000000 0.000000 1.000000
0.997701 -0.066304 -0.014039 0.000000 0.067378 0.992715 0.099885 4.340000 0.007314 -0.100601 0.994900 0.926900 0.000000 0.000000 0.000000 1.000000
0.997693 -0.066396 -0.014141 -0.000000 0.067475 0.992776 0.099212 4.340000 0.007452 -0.099937 0.994966 0.926900 0.000000 0.000000 0.000000 1.000000
0.997677 -0.066630 -0.014195 -0.000000 0.067710 0.992802 0.098791 4.340000 0.007510 -0.099523 0.995007 0.926900 0.000000 0.000000 0.000000 1.000000
