<?xml version="1.0" encoding="utf-8"?>
<COLLADA xmlns="http://www.collada.org/2005/11/COLLADASchema" version="1.4.1">
  <asset><contributor><author>Mixamo</author><authoring_tool>COLLADA Mixamo exporter</authoring_tool><comments></comments></contributor><created>2018-10-29T18:47:03Z</created><modified>2018-10-29T18:47:03Z</modified><revision></revision><title></title><unit meter="0.010000"/><up_axis>Y_UP</up_axis></asset>
  <library_animations>
    <animation id="Zombie_Hips-anim" name="Zombie_Hips"><source id="Zombie_Hips-Matrix-animation-input"><float_array id="Zombie_Hips-Matrix-animation-input-array" count="122">

0.000000 0.033333 0.066667 0.100000 0.133333 0.166667 0.200000 0.233333 0.266667 0.300000 0.333333 0.366667 0.400000 0.433333 0.466667 0.500000
0.533333 0.566667 0.600000 0.633333 0.666667 0.700000 0.733333 0.766667 0.800000 0.833333 0.866667 0.900000 0.933333 0.966667 1.000000 1.033333
1.066667 1.100000 1.133333 1.166667 1.200000 1.233333 1.266667 1.300000 1.333333 1.366667 1.400000 1.433333 1.466667 1.500000 1.533333 1.566667
1.600000 1.633333 1.666667 1.700000 1.733333 1.766667 1.800000 1.833333 1.866667 1.900000 1.933333 1.966667 2.000000 2.033333 2.066667 2.100000
2.133333 2.166667 2.200000 2.233333 2.266667 2.300000 2.333333 2.366667 2.400000 2.433333 2.466667 2.500000 2.533333 2.566667 2.600000 2.633333
2.666667 2.700000 2.733333 2.766667 2.800000 2.833333 2.866667 2.900000 2.933333 2.966667 3.000000 3.033333 3.066667 3.100000 3.133333 3.166667
3.200000 3.233333 3.266667 3.300000 3.333333 3.366667 3.400000 3.433333 3.466667 3.500000 3.533333 3.566667 3.600000 3.633333 3.666667 3.700000
3.733333 3.766667 3.800000 3.833333 3.866667 3.900000 3.933333 3.966667 4.000000 4.033333</float_array><technique_common><accessor source="#Zombie_Hips-Matrix-animation-input-array" count="122"><param name="TIME" type="float"/></accessor></technique_common></source><source id="Zombie_Hips-Matrix-animation-output-transform"><float_array id="Zombie_Hips-Matrix-animation-output-transform-array" count="1952">

0.838433 -0.049416 0.542760 0.420261 0.095401 0.993812 -0.056891 83.308311 -0.536590 0.099479 0.837959 -1.169544 0.000000 0.000000 0.000000 1.000000
0.828737 -0.012159 0.559506 -1.358369 0.083049 0.991366 -0.101469 82.431152 -0.553441 0.130557 0.822592 -0.008860 0.000000 0.000000 0.000000 1.000000
0.826007 0.012368 0.563524 -2.836687 0.075561 0.988306 -0.132448 82.109200 -0.558572 0.151983 0.815413 1.091065 0.000000 0.000000 0.000000 1.000000
0.826620 0.025396 0.562187 -3.931357 0.074508 0.985248 -0.154060 82.332603 -0.557806 0.169237 0.812534 2.042401 0.000000 0.000000 0.000000 1.000000
0.827073 0.032624 0.561147 -4.661759 0.079307 0.981555 -0.173957 82.924026 -0.556472 0.188378 0.809230 2.793490 0.000000 0.000000 0.000000 1.000000
0.827628 0.038368 0.559964 -5.136305 0.086303 0.977097 -0.194505 83.620987 -0.554602 0.209305 0.805362 3.383567 0.000000 0.000000 0.000000 1.000000
0.830206 0.042119 0.555863 -5.456955 0.091486 0.973328 -0.210390 84.223747 -0.549899 0.225520 0.804209 3.898863 0.000000 0.000000 0.000000 1.000000
0.834749 0.042726 0.548971 -5.673701 0.092534 0.971921 -0.216349 84.629272 -0.542800 0.231396 0.807356 4.390594 0.000000 0.000000 0.000000 1.000000
0.839945 0.040994 0.541121 -5.815404 0.089571 0.972994 -0.212745 84.840393 -0.535228 0.227163 0.813589 4.856223 0.000000 0.000000 0.000000 1.000000
0.845496 0.038219 0.532612 -5.912189 0.084140 0.975440 -0.203563 84.912964 -0.527311 0.216926 0.821515 5.284537 0.000000 0.000000 0.000000 1.000000
0.851799 0.035189 0.522685 -6.000196 0.077804 0.978178 -0.192649 84.892456 -0.518059 0.204765 0.830474 5.689334 0.000000 0.000000 0.000000 1.000000
0.858581 0.033408 0.511589 -6.119976 0.071076 0.980482 -0.183311 84.794296 -0.507728 0.193749 0.839449 6.093741 0.000000 0.000000 0.000000 1.000000
0.865156 0.035134 0.500271 -6.317935 0.063560 0.981817 -0.178871 84.640633 -0.497459 0.186548 0.847192 6.518971 0.000000 0.000000 0.000000 1.000000
0.871244 0.041299 0.489109 -6.639812 0.054861 0.982018 -0.180642 84.477585 -0.487774 0.184216 0.853311 6.990528 0.000000 0.000000 0.000000 1.000000
0.876723 0.050105 0.478379 -7.112789 0.045366 0.981512 -0.185945 84.343147 -0.478851 0.184725 0.858241 7.535335 0.000000 0.000000 0.000000 1.000000
0.881188 0.058705 0.469107 -7.736751 0.036017 0.981041 -0.190426 84.229996 -0.471392 0.184697 0.862367 8.158425 0.000000 0.000000 0.000000 1.000000
0.884127 0.066151 0.462540 -8.488330 0.027531 0.980832 -0.192899 84.098335 -0.466434 0.183281 0.865360 8.836114 0.000000 0.000000 0.000000 1.000000
0.884966 0.074193 0.459706 -9.332441 0.019937 0.980283 -0.196589 83.923759 -0.465228 0.183139 0.866039 9.547373 0.000000 0.000000 0.000000 1.000000
0.882599 0.084821 0.462411 -10.238224 0.013212 0.978726 -0.204748 83.719009 -0.469940 0.186819 0.862702 10.307422 0.000000 0.000000 0.000000 1.000000
0.875602 0.096914 0.473211 -11.184731 0.008470 0.976434 -0.215648 83.505188 -0.482959 0.192830 0.854147 11.149977 0.000000 0.000000 0.000000 1.000000
0.863811 0.106070 0.492524 -12.145186 0.007554 0.974750 -0.223170 83.279724 -0.503759 0.196498 0.841199 12.074695 0.000000 0.000000 0.000000 1.000000
0.849395 0.108828 0.516415 -13.078324 0.010762 0.974733 -0.223113 83.037567 -0.527647 0.195069 0.826763 13.036838 0.000000 0.000000 0.000000 1.000000
0.835437 0.106630 0.539143 -13.931899 0.016323 0.975751 -0.218275 82.816681 -0.549344 0.191155 0.813438 13.990031 0.000000 0.000000 0.000000 1.000000
0.823680 0.103779 0.557477 -14.697501 0.022913 0.976216 -0.215585 82.717072 -0.566591 0.190347 0.801712 14.946796 0.000000 0.000000 0.000000 1.000000
0.814446 0.103223 0.570983 -15.373668 0.029454 0.975426 -0.218352 82.766579 -0.579491 0.194653 0.791392 15.918507 0.000000 0.000000 0.000000 1.000000
0.807983 0.104629 0.579841 -15.959297 0.034302 0.974085 -0.223567 82.909431 -0.588206 0.200529 0.783455 16.904713 0.000000 0.000000 0.000000 1.000000
0.804073 0.105636 0.585071 -16.468431 0.037069 0.973266 -0.226671 83.175430 -0.593374 0.203948 0.778661 17.976374 0.000000 0.000000 0.000000 1.000000
0.800593 0.105825 0.589790 -16.875771 0.037876 0.973376 -0.226065 83.554123 -0.598011 0.203325 0.775269 19.131212 0.000000 0.000000 0.000000 1.000000
0.794637 0.104418 0.598037 -17.157637 0.039194 0.974218 -0.222179 84.042068 -0.605818 0.199991 0.770057 20.313272 0.000000 0.000000 0.000000 1.000000
0.785767 0.099049 0.610540 -17.302902 0.043791 0.975709 -0.214650 84.618080 -0.616970 0.195401 0.762342 21.439754 0.000000 0.000000 0.000000 1.000000
0.777473 0.088335 0.622682 -17.316076 0.051379 0.977856 -0.202872 85.237564 -0.626814 0.189721 0.755718 22.463921 0.000000 0.000000 0.000000 1.000000
0.774873 0.074089 0.627760 -17.227421 0.059052 0.980280 -0.188584 85.870789 -0.629353 0.183199 0.755217 23.414454 0.000000 0.000000 0.000000 1.000000
0.780351 0.060256 0.622433 -17.077320 0.063948 0.982440 -0.175280 86.504166 -0.622064 0.176583 0.762794 24.345078 0.000000 0.000000 0.000000 1.000000
0.791574 0.049225 0.609087 -16.889515 0.065365 0.984210 -0.164491 87.121582 -0.607567 0.170020 0.775858 25.275005 0.000000 0.000000 0.000000 1.000000
0.804098 0.040461 0.593119 -16.655172 0.064221 0.985931 -0.154322 87.675545 -0.591018 0.162180 0.790187 26.176512 0.000000 0.000000 0.000000 1.000000
0.815351 0.032283 0.578067 -16.361502 0.061907 0.987859 -0.142488 88.125648 -0.575648 0.151964 0.803452 27.029980 0.000000 0.000000 0.000000 1.000000
0.825440 0.024413 0.563961 -16.027227 0.059324 0.989780 -0.129676 88.485168 -0.561364 0.140496 0.815556 27.864902 0.000000 0.000000 0.000000 1.000000
0.834986 0.018274 0.549967 -15.698042 0.056528 0.991312 -0.118763 88.806694 -0.547359 0.130254 0.826699 28.740751 0.000000 0.000000 0.000000 1.000000
0.843514 0.015027 0.536896 -15.409821 0.053046 0.992391 -0.111115 89.137100 -0.534481 0.122208 0.836299 29.709501 0.000000 0.000000 0.000000 1.000000
0.850170 0.014845 0.526299 -15.156131 0.047655 0.993330 -0.105000 89.428215 -0.524347 0.114349 0.843792 30.756969 0.000000 0.000000 0.000000 1.000000
0.855291 0.015770 0.517907 -14.910848 0.040911 0.994361 -0.097839 89.653442 -0.516530 0.104869 0.849823 31.860905 0.000000 0.000000 0.000000 1.000000
0.860414 0.015808 0.509350 -14.648146 0.034357 0.995445 -0.088933 89.810081 -0.508436 0.094019 0.855952 32.986225 0.000000 0.000000 0.000000 1.000000
0.866945 0.014565 0.498192 -14.353382 0.029119 0.996385 -0.079802 89.916031 -0.497553 0.083691 0.863387 34.098431 0.000000 0.000000 0.000000 1.000000
0.875100 0.013388 0.483756 -14.018690 0.024951 0.997040 -0.072728 89.986320 -0.483298 0.075714 0.872176 35.175446 0.000000 0.000000 0.000000 1.000000
0.884060 0.013907 0.467166 -13.642951 0.020834 0.997391 -0.069118 90.020027 -0.466909 0.070837 0.881464 36.214775 0.000000 0.000000 0.000000 1.000000
0.892734 0.015891 0.450304 -13.245285 0.016882 0.997497 -0.068671 90.019463 -0.450268 0.068907 0.890231 37.238838 0.000000 0.000000 0.000000 1.000000
0.900275 0.016890 0.434993 -12.872010 0.014998 0.997450 -0.069770 90.011688 -0.435062 0.069336 0.897727 38.291264 0.000000 0.000000 0.000000 1.000000
0.906175 0.015093 0.422634 -12.574063 0.016443 0.997350 -0.070874 90.023201 -0.422583 0.071174 0.903525 39.412090 0.000000 0.000000 0.000000 1.000000
0.910271 0.012488 0.413825 -12.365739 0.018920 0.997246 -0.071709 90.023125 -0.413581 0.073104 0.907528 40.602634 0.000000 0.000000 0.000000 1.000000
0.912954 0.013061 0.407854 -12.211782 0.018326 0.997167 -0.072955 89.952759 -0.407651 0.074079 0.910128 41.840977 0.000000 0.000000 0.000000 1.000000
0.915269 0.017845 0.402449 -12.052230 0.013419 0.997113 -0.074732 89.807465 -0.402621 0.073800 0.912387 43.123661 0.000000 0.000000 0.000000 1.000000
0.918693 0.023915 0.394249 -11.828238 0.006626 0.997092 -0.075922 89.646729 -0.394918 0.072362 0.915862 44.477161 0.000000 0.000000 0.000000 1.000000
0.924663 0.028684 0.379703 -11.492259 0.000066 0.997147 -0.075488 89.520905 -0.380785 0.069826 0.922023 45.933342 0.000000 0.000000 0.000000 1.000000
0.934026 0.032793 0.355697 -11.009310 -0.006917 0.997251 -0.073778 89.400398 -0.357138 0.066450 0.931685 47.499912 0.000000 0.000000 0.000000 1.000000
0.946821 0.037026 0.319624 -10.351423 -0.014891 0.997335 -0.071421 89.229179 -0.321417 0.062864 0.944849 49.163631 0.000000 0.000000 0.000000 1.000000
0.962343 0.038900 0.269040 -9.475767 -0.021575 0.997516 -0.067055 88.993019 -0.270980 0.058725 0.960792 50.917953 0.000000 0.000000 0.000000 1.000000
0.978981 0.034978 0.200930 -8.325644 -0.023903 0.998072 -0.057286 88.686630 -0.202546 0.051279 0.977929 52.776119 0.000000 0.000000 0.000000 1.000000
0.993361 0.024355 0.112435 -6.905190 -0.019955 0.998997 -0.040091 88.369263 -0.113299 0.037581 0.992850 54.730534 0.000000 0.000000 0.000000 1.000000
0.999905 0.013488 0.002780 -5.227371 -0.013436 0.999744 -0.018182 87.882713 -0.003025 0.018143 0.999831 56.738625 0.000000 0.000000 0.000000 1.000000
0.992439 0.007541 -0.122509 -3.356022 -0.007404 0.999971 0.001567 87.100174 0.122517 -0.000648 0.992466 58.807213 0.000000 0.000000 0.000000 1.000000
0.968031 0.006335 -0.250751 -1.397734 -0.003437 0.999922 0.011991 85.977913 0.250808 -0.010746 0.967977 60.925541 0.000000 0.000000 0.000000 1.000000
0.930885 0.007721 -0.365232 0.590352 -0.004166 0.999936 0.010521 84.620850 0.365289 -0.008272 0.930857 63.026852 0.000000 0.000000 0.000000 1.000000
0.892846 0.011596 -0.450213 2.533809 -0.011716 0.999928 0.002519 83.235542 0.450210 0.003026 0.892917 65.153450 0.000000 0.000000 0.000000 1.000000
0.866132 0.023540 -0.499261 4.396246 -0.028918 0.999577 -0.003037 81.843254 0.498978 0.017068 0.866446 67.144005 0.000000 0.000000 0.000000 1.000000
0.855416 0.038806 -0.516487 6.029758 -0.048724 0.998796 -0.005655 80.755325 0.515645 0.030003 0.856277 68.890465 0.000000 0.000000 0.000000 1.000000
0.855774 0.047881 -0.515129 7.341436 -0.064798 0.997787 -0.014903 80.239594 0.513276 0.046133 0.856983 70.331039 0.000000 0.000000 0.000000 1.000000
0.860520 0.045199 -0.507407 8.311286 -0.074811 0.996469 -0.038110 80.300987 0.503893 0.070754 0.860863 71.413704 0.000000 0.000000 0.000000 1.000000
0.867221 0.036250 -0.496603 8.999727 -0.081933 0.994140 -0.070511 80.775612 0.491137 0.101837 0.865109 72.208160 0.000000 0.000000 0.000000 1.000000
0.876043 0.029505 -0.481330 9.490024 -0.088324 0.991059 -0.100003 81.419136 0.474076 0.130120 0.870816 72.858780 0.000000 0.000000 0.000000 1.000000
0.885726 0.027649 -0.463385 9.852276 -0.093167 0.988501 -0.119102 82.039268 0.454764 0.148664 0.878117 73.485878 0.000000 0.000000 0.000000 1.000000
0.893882 0.028335 -0.447406 10.131383 -0.095919 0.986978 -0.129131 82.535973 0.437921 0.158342 0.884959 74.135399 0.000000 0.000000 0.000000 1.000000
0.899629 0.029560 -0.435653 10.351011 -0.097712 0.986033 -0.134872 82.880577 0.425582 0.163904 0.889953 74.816971 0.000000 0.000000 0.000000 1.000000
0.903709 0.030924 -0.427029 10.528075 -0.099369 0.985303 -0.138940 83.080551 0.416456 0.167995 0.893500 75.547256 0.000000 0.000000 0.000000 1.000000
0.906774 0.031480 -0.420440 10.692297 -0.099786 0.984901 -0.141470 83.156128 0.409638 0.170235 0.896224 76.342209 0.000000 0.000000 0.000000 1.000000
0.908672 0.029619 -0.416459 10.897409 -0.097448 0.984976 -0.142569 83.147064 0.405980 0.170131 0.897906 77.204086 0.000000 0.000000 0.000000 1.000000
0.909108 0.024438 -0.415843 11.190634 -0.092013 0.985400 -0.143247 83.061356 0.406271 0.168490 0.898084 78.099030 0.000000 0.000000 0.000000 1.000000
0.908249 0.016839 -0.418091 11.589746 -0.084759 0.985880 -0.144420 82.889748 0.409756 0.166607 0.896851 78.993553 0.000000 0.000000 0.000000 1.000000
0.906495 0.008548 -0.422130 12.088595 -0.077286 0.986262 -0.145995 82.648033 0.415083 0.164969 0.894702 79.901993 0.000000 0.000000 0.000000 1.000000
0.903841 0.000316 -0.427868 12.668064 -0.069934 0.986661 -0.147002 82.359512 0.422114 0.162789 0.891807 80.870399 0.000000 0.000000 0.000000 1.000000
0.899726 -0.007363 -0.436393 13.313955 -0.062872 0.987243 -0.146283 82.061867 0.431903 0.159051 0.887785 81.953621 0.000000 0.000000 0.000000 1.000000
0.893700 -0.013699 -0.448456 14.005136 -0.056761 0.988051 -0.143298 81.754128 0.445060 0.153520 0.882243 83.147934 0.000000 0.000000 0.000000 1.000000
0.886142 -0.017254 -0.463093 14.737057 -0.053247 0.988897 -0.138733 81.464661 0.460345 0.147595 0.875384 84.430969 0.000000 0.000000 0.000000 1.000000
0.877999 -0.017563 -0.478340 15.523123 -0.053259 0.989537 -0.134091 81.266190 0.475690 0.143207 0.867877 85.795952 0.000000 0.000000 0.000000 1.000000
0.869989 -0.015166 -0.492838 16.369396 -0.056391 0.989908 -0.130007 81.260880 0.489836 0.140896 0.860354 87.261368 0.000000 0.000000 0.000000 1.000000
0.862397 -0.010385 -0.506125 17.228483 -0.061441 0.990251 -0.125009 81.500481 0.502490 0.138905 0.853352 88.805603 0.000000 0.000000 0.000000 1.000000
0.860755 -0.001282 -0.509018 18.004669 -0.068342 0.990652 -0.118062 81.933266 0.504411 0.136410 0.852621 90.330002 0.000000 0.000000 0.000000 1.000000
0.859575 0.008349 -0.510942 18.615843 -0.075194 0.991049 -0.110307 82.456268 0.505447 0.133237 0.852508 91.689583 0.000000 0.000000 0.000000 1.000000
0.858923 0.018344 -0.511777 19.019518 -0.081900 0.991416 -0.101918 82.990570 0.505514 0.129454 0.853052 92.831940 0.000000 0.000000 0.000000 1.000000
0.858805 0.029210 -0.511469 19.261980 -0.089155 0.991660 -0.093065 83.499336 0.504485 0.125524 0.854248 93.796715 0.000000 0.000000 0.000000 1.000000
0.859247 0.040929 -0.509920 19.410273 -0.097048 0.991735 -0.083930 83.915291 0.502270 0.121603 0.856117 94.663628 0.000000 0.000000 0.000000 1.000000
0.860304 0.053315 -0.506986 19.510763 -0.105475 0.991612 -0.074702 84.255783 0.498751 0.117740 0.858711 95.499496 0.000000 0.000000 0.000000 1.000000
0.862006 0.065846 -0.502603 19.578390 -0.113950 0.991321 -0.065560 84.567795 0.493925 0.113785 0.862028 96.330780 0.000000 0.000000 0.000000 1.000000
0.864399 0.078188 -0.496690 19.604769 -0.122202 0.990885 -0.056687 84.841774 0.487730 0.109697 0.866075 97.152733 0.000000 0.000000 0.000000 1.000000
0.867515 0.090225 -0.489160 19.572018 -0.130207 0.990312 -0.048257 85.091820 0.480067 0.105556 0.870858 97.987244 0.000000 0.000000 0.000000 1.000000
0.871385 0.101821 -0.479917 19.462133 -0.137912 0.989618 -0.040445 85.324455 0.470816 0.101430 0.876381 98.848007 0.000000 0.000000 0.000000 1.000000
0.876042 0.112724 -0.468874 19.269382 -0.145128 0.988848 -0.033423 85.538193 0.459878 0.097326 0.882632 99.747467 0.000000 0.000000 0.000000 1.000000
0.881517 0.122643 -0.455946 19.003767 -0.151615 0.988061 -0.027356 85.729332 0.447147 0.093243 0.889587 100.672310 0.000000 0.000000 0.000000 1.000000
0.887830 0.131328 -0.441035 18.673685 -0.157173 0.987317 -0.022401 85.896935 0.432499 0.089207 0.897211 101.590988 0.000000 0.000000 0.000000 1.000000
0.894985 0.138560 -0.424033 18.254751 -0.161619 0.986676 -0.018707 86.042061 0.415791 0.085274 0.905454 102.502426 0.000000 0.000000 0.000000 1.000000
0.902966 0.144119 -0.404823 17.698004 -0.164758 0.986197 -0.016406 86.165009 0.396871 0.081512 0.914248 103.459778 0.000000 0.000000 0.000000 1.000000
0.911716 0.147978 -0.383245 17.005766 -0.166552 0.985910 -0.015540 86.262062 0.375546 0.077998 0.923516 104.515602 0.000000 0.000000 0.000000 1.000000
0.920983 0.151272 -0.359035 16.287605 -0.168018 0.985659 -0.015707 86.333702 0.351510 0.074790 0.933192 105.651978 0.000000 0.000000 0.000000 1.000000
0.930542 0.153920 -0.332266 15.683579 -0.169001 0.985473 -0.016788 86.370605 0.324855 0.071775 0.943036 106.781120 0.000000 0.000000 0.000000 1.000000
0.940167 0.155697 -0.303058 15.237208 -0.169224 0.985400 -0.018727 86.367630 0.295717 0.068891 0.952788 107.851082 0.000000 0.000000 0.000000 1.000000
0.949643 0.156336 -0.271545 14.876128 -0.168373 0.985490 -0.021456 86.315567 0.264250 0.066096 0.962187 108.893806 0.000000 0.000000 0.000000 1.000000
0.958757 0.155581 -0.237865 14.508649 -0.166142 0.985788 -0.024889 86.205872 0.230612 0.063382 0.970979 109.981026 0.000000 0.000000 0.000000 1.000000
0.967233 0.153733 -0.202056 14.099159 -0.162801 0.986234 -0.028949 86.063889 0.194824 0.060895 0.978946 111.157845 0.000000 0.000000 0.000000 1.000000
0.974834 0.150785 -0.164204 13.659440 -0.158289 0.986823 -0.033540 85.897209 0.156983 0.058687 0.985856 112.400772 0.000000 0.000000 0.000000 1.000000
0.981360 0.146454 -0.124431 13.204279 -0.152271 0.987587 -0.038548 85.698448 0.117241 0.056777 0.991479 113.685081 0.000000 0.000000 0.000000 1.000000
0.986537 0.141025 -0.082803 12.740782 -0.144980 0.988463 -0.043842 85.492142 0.075664 0.055257 0.995601 115.037605 0.000000 0.000000 0.000000 1.000000
0.990076 0.134878 -0.039454 12.269394 -0.136746 0.989381 -0.049258 85.302811 0.032392 0.054164 0.998007 116.496681 0.000000 0.000000 0.000000 1.000000
0.991734 0.128195 0.005394 11.757999 -0.127713 0.990307 -0.054602 85.133118 -0.012341 0.053462 0.998494 118.056541 0.000000 0.000000 0.000000 1.000000
0.991347 0.120744 0.051501 11.131236 -0.117633 0.991263 -0.059671 84.982025 -0.058256 0.053096 0.996889 119.644524 0.000000 0.000000 0.000000 1.000000
0.988733 0.112597 0.098639 10.339115 -0.106586 0.992226 -0.064243 84.867958 -0.105105 0.053006 0.993047 121.166451 0.000000 0.000000 0.000000 1.000000
0.983633 0.104923 0.146483 9.428117 -0.095789 0.993070 -0.068093 84.879707 -0.152613 0.052947 0.986867 122.553566 0.000000 0.000000 0.000000 1.000000
0.976202 0.094583 0.195149 8.431494 -0.082114 0.994088 -0.071044 84.841003 -0.200715 0.053329 0.978197 123.820999 0.000000 0.000000 0.000000 1.000000
0.965599 0.079037 0.247731 7.350445 -0.062707 0.995348 -0.073139 84.737312 -0.252360 0.055088 0.966064 124.991951 0.000000 0.000000 0.000000 1.000000
0.950365 0.057336 0.305808 6.168972 -0.036315 0.996597 -0.073996 84.546692 -0.309010 0.059218 0.949213 126.079384 0.000000 0.000000 0.000000 1.000000
0.929760 0.029916 0.366950 4.847154 -0.003299 0.997330 -0.072949 84.222618 -0.368152 0.066615 0.927376 127.142639 0.000000 0.000000 0.000000 1.000000
0.903603 0.001747 0.428368 3.419952 0.031092 0.997087 -0.069653 83.894295 -0.427242 0.076257 0.900916 128.153885 0.000000 0.000000 0.000000 1.000000
0.872679 -0.025198 0.487644 1.934924 0.064599 0.995848 -0.064146 83.592529 -0.484003 0.087480 0.870683 129.125656 0.000000 0.000000 0.000000 1.000000
0.838411 -0.049523 0.542784 0.420786 0.095530 0.993800 -0.056888 83.301033 -0.536601 0.099548 0.837943 130.092728 0.000000 0.000000 0.000000 1.000000</float_array><technique_common><accessor source="#Zombie_Hips-Matrix-animation-output-transform-array" count="122" stride="16"><param type="float4x4"/></accessor></technique_common></source><source id="Zombie_Hips-Interpolations"><Name_array id="Zombie_Hips-Interpolations-array" count="122">
 LINEAR LINEAR LINEAR LINEAR LINEAR LINEAR LINEAR LINEAR LINEAR LINEAR LINEAR
LINEAR LINEAR LINEAR LINEAR LINEAR LINEAR LINEAR LINEAR LINEAR LINEAR LINEAR LINEAR
LINEAR LINEAR LINEAR LINEAR LINEAR LINEAR LINEAR LINEAR LINEAR LINEAR LINEAR LINEAR
LINEAR LINEAR LINEAR LINEAR LINEAR LINEAR LINEAR LINEAR LINEAR LINEAR LINEAR LINEAR
LINEAR LINEAR LINEAR LINEAR LINEAR LINEAR LINEAR LINEAR LINEAR LINEAR LINEAR LINEAR
LINEAR LINEAR LINEAR LINEAR LINEAR LINEAR LINEAR LINEAR LINEAR LINEAR LINEAR LINEAR
LINEAR LINEAR LINEAR LINEAR LINEAR LINEAR LINEAR LINEAR LINEAR LINEAR LINEAR LINEAR
LINEAR LINEAR LINEAR LINEAR LINEAR LINEAR LINEAR LINEAR LINEAR LINEAR LINEAR LINEAR
LINEAR LINEAR LINEAR LINEAR LINEAR LINEAR LINEAR LINEAR LINEAR LINEAR LINEAR LINEAR
LINEAR LINEAR LINEAR LINEAR LINEAR LINEAR LINEAR LINEAR LINEAR LINEAR LINEAR LINEAR
LINEAR LINEAR LINEAR</Name_array><technique_common><accessor source="#Zombie_Hips-Interpolations-array" count="122"><param type="name"/></accessor></technique_common></source><sampler id="Zombie_Hips-Matrix-animation-transform"><input semantic="INPUT" source="#Zombie_Hips-Matrix-animation-input"/><input semantic="OUTPUT" source="#Zombie_Hips-Matrix-animation-output-transform"/><input semantic="INTERPOLATION" source="#Zombie_Hips-Interpolations"/></sampler><channel source="#Zombie_Hips-Matrix-animation-transform" target="Zombie_Hips/matrix"/></animation>
    <animation id="Zombie_Spine-anim" name="Zombie_Spine"><source id="Zombie_Spine-Matrix-animation-input"><float_array id="Zombie_Spine-Matrix-animation-input-array" count="122">

0.000000 0.033333 0.066667 0.100000 0.133333 0.166667 0.200000 0.233333 0.266667 0.300000 0.333333 0.366667 0.400000 0.433333 0.466667 0.500000
0.533333 0.566667 0.600000 0.633333 0.666667 0.700000 0.733333 0.766667 0.800000 0.833333 0.866667 0.900000 0.933333 0.966667 1.000000 1.033333
1.066667 1.100000 1.133333 1.166667 1.200000 1.233333 1.266667 1.300000 1.333333 1.366667 1.400000 1.433333 1.466667 1.500000 1.533333 1.566667
1.600000 1.633333 1.666667 1.700000 1.733333 1.766667 1.800000 1.833333 1.866667 1.900000 1.933333 1.966667 2.000000 2.033333 2.066667 2.100000
2.133333 2.166667 2.200000 2.233333 2.266667 2.300000 2.333333 2.366667 2.400000 2.433333 2.466667 2.500000 2.533333 2.566667 2.600000 2.633333
2.666667 2.700000 2.733333 2.766667 2.800000 2.833333 2.866667 2.900000 2.933333 2.966667 3.000000 3.033333 3.066667 3.100000 3.133333 3.166667
3.200000 3.233333 3.266667 3.300000 3.333333 3.366667 3.400000 3.433333 3.466667 3.500000 3.533333 3.566667 3.600000 3.633333 3.666667 3.700000
3.733333 3.766667 3.800000 3.833333 3.866667 3.900000 3.933333 3.966667 4.000000 4.033333</float_array><technique_common><accessor source="#Zombie_Spine-Matrix-animation-input-array" count="122"><param name="TIME" type="float"/></accessor></technique_common></source><source id="Zombie_Spine-Matrix-animation-output-transform"><float_array id="Zombie_Spine-Matrix-animation-output-transform-array" count="1952">

0.998913 -0.043218 0.017452 0.000000 0.045149 0.990206 -0.132115 9.226300 -0.011571 0.132759 0.991081 1.577100 0.000000 0.000000 0.000000 1.000000
0.997802 -0.062927 0.020791 0.000000 0.065154 0.988835 -0.134012 9.226300 -0.012126 0.135072 0.990762 1.577100 0.000000 0.000000 0.000000 1.000000
0.996916 -0.075736 0.020553 0.000000 0.077845 0.987515 -0.136948 9.226300 -0.009925 0.138125 0.990365 1.577100 0.000000 0.000000 0.000000 1.000000
0.996509 -0.081755 0.016925 0.000000 0.083317 0.986817 -0.138746 9.226300 -0.005359 0.139672 0.990183 1.577100 0.000000 0.000000 0.000000 1.000000
0.996493 -0.082875 0.011541 -0.000000 0.083675 0.986853 -0.138277 9.226300 0.000070 0.138758 0.990326 1.577100 0.000000 0.000000 0.000000 1.000000
0.996634 -0.081716 0.006597 0.000000 0.081848 0.987189 -0.136959 9.226300 0.004679 0.137038 0.990555 1.577100 0.000000 0.000000 0.000000 1.000000
0.996759 -0.080384 0.003283 -0.000000 0.080075 0.987333 -0.136971 9.226300 0.007769 0.136790 0.990570 1.577100 0.000000 0.000000 0.000000 1.000000
0.996777 -0.080208 0.001533 -0.000000 0.079645 0.987129 -0.138683 9.226300 0.009610 0.138359 0.990336 1.577100 0.000000 0.000000 0.000000 1.000000
0.996701 -0.081156 0.000869 0.000000 0.080468 0.986742 -0.140941 9.226300 0.010581 0.140546 0.990018 1.577100 0.000000 0.000000 0.000000 1.000000
0.996620 -0.082144 0.001184 0.000000 0.081469 0.986366 -0.142983 9.226300 0.010577 0.142596 0.989724 1.577100 0.000000 0.000000 0.000000 1.000000
0.996595 -0.082408 0.002606 0.000000 0.081915 0.986048 -0.144910 9.226300 0.009372 0.144630 0.989441 1.577100 0.000000 0.000000 0.000000 1.000000
0.996590 -0.082356 0.004999 -0.000000 0.082197 0.985770 -0.146635 9.226300 0.007148 0.146546 0.989178 1.577100 0.000000 0.000000 0.000000 1.000000
0.996563 -0.082472 0.007798 0.000000 0.082719 0.985589 -0.147556 9.226300 0.004483 0.147694 0.989023 1.577100 0.000000 0.000000 0.000000 1.000000
0.996538 -0.082481 0.010405 0.000000 0.083113 0.985571 -0.147451 9.226300 0.001907 0.147806 0.989015 1.577100 0.000000 0.000000 0.000000 1.000000
0.996565 -0.081845 0.012623 0.000000 0.082812 0.985655 -0.147056 9.226300 -0.000406 0.147597 0.989048 1.577100 0.000000 0.000000 0.000000 1.000000
0.996632 -0.080697 0.014600 0.000000 0.081969 0.985691 -0.147293 9.226300 -0.002505 0.147994 0.988985 1.577100 0.000000 0.000000 0.000000 1.000000
0.996678 -0.079754 0.016478 0.000000 0.081318 0.985620 -0.148126 9.226300 -0.004428 0.148974 0.988831 1.577100 0.000000 0.000000 0.000000 1.000000
0.996660 -0.079605 0.018240 0.000000 0.081435 0.985558 -0.148472 9.226300 -0.006157 0.149461 0.988748 1.577100 0.000000 0.000000 0.000000 1.000000
0.996559 -0.080478 0.019821 0.000000 0.082527 0.985640 -0.147318 9.226300 -0.007681 0.148447 0.988891 1.577100 0.000000 0.000000 0.000000 1.000000
0.996337 -0.082833 0.021262 -0.000000 0.085047 0.985793 -0.144844 9.226300 -0.008962 0.146121 0.989226 1.577100 0.000000 0.000000 0.000000 1.000000
0.995880 -0.087791 0.022705 0.000000 0.090139 0.985715 -0.142270 9.226300 -0.009891 0.143731 0.989567 1.577100 0.000000 0.000000 0.000000 1.000000
0.995073 -0.096137 0.024235 0.000000 0.098600 0.985163 -0.140473 9.226300 -0.010371 0.142170 0.989788 1.577100 0.000000 0.000000 0.000000 1.000000
0.993988 -0.106447 0.025639 0.000000 0.108992 0.984282 -0.138961 9.226300 -0.010444 0.140920 0.989966 1.577100 0.000000 0.000000 0.000000 1.000000
0.993045 -0.114750 0.026362 0.000000 0.117292 0.983658 -0.136597 9.226300 -0.010257 0.138739 0.990276 1.577100 0.000000 0.000000 0.000000 1.000000
0.992612 -0.118488 0.026098 0.000000 0.120923 0.983706 -0.133043 9.226300 -0.009909 0.135216 0.990767 1.577100 0.000000 0.000000 0.000000 1.000000
0.992650 -0.118423 0.024939 0.000000 0.120665 0.984274 -0.129011 9.226300 -0.009269 0.131072 0.991330 1.577100 0.000000 0.000000 0.000000 1.000000
0.992992 -0.115978 0.022698 -0.000000 0.117918 0.985106 -0.125143 9.226300 -0.007846 0.126943 0.991879 1.577100 0.000000 0.000000 0.000000 1.000000
0.993332 -0.113655 0.019327 0.000000 0.115166 0.985917 -0.121266 9.226300 -0.005273 0.122683 0.992432 1.577100 0.000000 0.000000 0.000000 1.000000
0.993506 -0.112825 0.014692 0.000000 0.113771 0.986567 -0.117225 9.226300 -0.001269 0.118135 0.992997 1.577100 0.000000 0.000000 0.000000 1.000000
0.993527 -0.113233 0.009100 0.000000 0.113531 0.987010 -0.113679 9.226300 0.003891 0.113976 0.993476 1.577100 0.000000 0.000000 0.000000 1.000000
0.993505 -0.113725 0.003671 0.000000 0.113424 0.987277 -0.111444 9.226300 0.009049 0.111137 0.993764 1.577100 0.000000 0.000000 0.000000 1.000000
0.993613 -0.112838 -0.000323 0.000000 0.112113 0.987538 -0.110453 9.226300 0.012782 0.109711 0.993881 1.577100 0.000000 0.000000 0.000000 1.000000
0.993913 -0.110138 -0.002418 0.000000 0.109208 0.987927 -0.109881 9.226300 0.014491 0.108949 0.993942 1.577100 0.000000 0.000000 0.000000 1.000000
0.994290 -0.106662 -0.003225 -0.000000 0.105677 0.988400 -0.109080 9.226300 0.014822 0.108116 0.994028 1.577100 0.000000 0.000000 0.000000 1.000000
0.994519 -0.104493 -0.003640 0.000000 0.103492 0.988753 -0.107965 9.226300 0.014881 0.106996 0.994148 1.577100 0.000000 0.000000 0.000000 1.000000
0.994484 -0.104811 -0.004148 0.000000 0.103774 0.988868 -0.106631 9.226300 0.015277 0.105612 0.994290 1.577100 0.000000 0.000000 0.000000 1.000000
0.994296 -0.106534 -0.005020 0.000000 0.105423 0.988873 -0.104962 9.226300 0.016147 0.103834 0.994464 1.577100 0.000000 0.000000 0.000000 1.000000
0.994199 -0.107333 -0.006851 -0.000000 0.106067 0.989030 -0.102804 9.226300 0.017811 0.101481 0.994678 1.577100 0.000000 0.000000 0.000000 1.000000
0.994319 -0.105932 -0.010378 -0.000000 0.104370 0.989473 -0.100254 9.226300 0.020889 0.098601 0.994908 1.577100 0.000000 0.000000 0.000000 1.000000
0.994466 -0.103903 -0.015520 0.000000 0.101915 0.990003 -0.097508 9.226300 0.025496 0.095387 0.995114 1.577100 0.000000 0.000000 0.000000 1.000000
0.994508 -0.102523 -0.021037 0.000000 0.100108 0.990479 -0.094501 9.226300 0.030525 0.091876 0.995302 1.577100 0.000000 0.000000 0.000000 1.000000
0.994471 -0.101911 -0.025337 -0.000000 0.099223 0.990888 -0.091083 9.226300 0.034388 0.088066 0.995521 1.577100 0.000000 0.000000 0.000000 1.000000
0.994448 -0.101520 -0.027710 0.000000 0.098755 0.991255 -0.087525 9.226300 0.036353 0.084302 0.995777 1.577100 0.000000 0.000000 0.000000 1.000000
0.994434 -0.101398 -0.028623 0.000000 0.098672 0.991532 -0.084430 9.226300 0.036942 0.081136 0.996018 1.577100 0.000000 0.000000 0.000000 1.000000
0.994327 -0.102333 -0.029017 0.000000 0.099661 0.991631 -0.082066 9.226300 0.037172 0.078709 0.996204 1.577100 0.000000 0.000000 0.000000 1.000000
0.994135 -0.104016 -0.029589 0.000000 0.101365 0.991612 -0.080194 9.226300 0.037683 0.076724 0.996340 1.577100 0.000000 0.000000 0.000000 1.000000
0.994127 -0.103795 -0.030616 0.000000 0.101127 0.991761 -0.078630 9.226300 0.038525 0.075072 0.996434 1.577100 0.000000 0.000000 0.000000 1.000000
0.994570 -0.098984 -0.032125 -0.000000 0.096256 0.992332 -0.077542 9.226300 0.039554 0.074029 0.996471 1.577100 0.000000 0.000000 0.000000 1.000000
0.995301 -0.090690 -0.033945 0.000000 0.087868 0.993151 -0.077002 9.226300 0.040695 0.073658 0.996453 1.577100 0.000000 0.000000 0.000000 1.000000
0.995916 -0.082955 -0.035634 0.000000 0.080039 0.993840 -0.076660 9.226300 0.041774 0.073495 0.996420 1.577100 0.000000 0.000000 0.000000 1.000000
0.996302 -0.077694 -0.036675 0.000000 0.074733 0.994290 -0.076179 9.226300 0.042384 0.073157 0.996419 1.577100 0.000000 0.000000 0.000000 1.000000
0.996664 -0.072823 -0.036850 -0.000000 0.069877 0.994676 -0.075740 9.226300 0.042169 0.072912 0.996446 1.577100 0.000000 0.000000 0.000000 1.000000
0.997153 -0.066136 -0.036222 -0.000000 0.063249 0.995117 -0.075771 9.226300 0.041057 0.073264 0.996467 1.577100 0.000000 0.000000 0.000000 1.000000
0.997677 -0.058643 -0.034653 0.000000 0.055863 0.995514 -0.076366 9.226300 0.038975 0.074253 0.996477 1.577100 0.000000 0.000000 0.000000 1.000000
0.998135 -0.052207 -0.031652 0.000000 0.049628 0.995764 -0.077397 9.226300 0.035559 0.075682 0.996498 1.577100 0.000000 0.000000 0.000000 1.000000
0.998575 -0.046148 -0.026805 0.000000 0.043893 0.995879 -0.079363 9.226300 0.030357 0.078074 0.996485 1.577100 0.000000 0.000000 0.000000 1.000000
0.999074 -0.038177 -0.019854 0.000000 0.036390 0.995829 -0.083671 9.226300 0.022965 0.082871 0.996296 1.577100 0.000000 0.000000 0.000000 1.000000
0.999623 -0.025139 -0.011072 0.000000 0.024020 0.995498 -0.091684 9.226300 0.013327 0.091384 0.995727 1.577100 0.000000 0.000000 0.000000 1.000000
0.999972 -0.007451 -0.000415 0.000000 0.007368 0.994620 -0.103327 9.226300 0.001183 0.103321 0.994647 1.577100 0.000000 0.000000 0.000000 1.000000
0.999832 0.014859 0.010726 0.000000 -0.013509 0.993092 -0.116557 9.226300 -0.012384 0.116393 0.993126 1.577100 0.000000 0.000000 0.000000 1.000000
0.998990 0.040564 0.019348 -0.000000 -0.037750 0.990986 -0.128537 9.226300 -0.024387 0.127676 0.991516 1.577100 0.000000 0.000000 0.000000 1.000000
0.997652 0.064685 0.022493 -0.000000 -0.061000 0.988625 -0.137477 9.226300 -0.031129 0.135782 0.990250 1.577100 0.000000 0.000000 0.000000 1.000000
0.996398 0.082534 0.019470 0.000000 -0.078881 0.986367 -0.144422 9.226300 -0.031125 0.142366 0.989325 1.577100 0.000000 0.000000 0.000000 1.000000
0.996077 0.087229 0.014889 0.000000 -0.083999 0.984966 -0.150949 9.226300 -0.027832 0.149106 0.988429 1.577100 0.000000 0.000000 0.000000 1.000000
0.996309 0.085064 0.011554 0.000000 -0.082184 0.984026 -0.157918 9.226300 -0.024802 0.156386 0.987385 1.577100 0.000000 0.000000 0.000000 1.000000
0.996302 0.085338 0.010006 0.000000 -0.082568 0.983107 -0.163349 9.226300 -0.023777 0.161918 0.986518 1.577100 0.000000 0.000000 0.000000 1.000000
0.995691 0.092274 0.009257 0.000000 -0.089496 0.982256 -0.164812 9.226300 -0.024301 0.163273 0.986282 1.577100 0.000000 0.000000 0.000000 1.000000
0.994861 0.100850 0.009003 0.000000 -0.098046 0.981749 -0.162958 9.226300 -0.025273 0.161237 0.986592 1.577100 0.000000 0.000000 0.000000 1.000000
0.994389 0.105320 0.009957 0.000000 -0.102359 0.981645 -0.160923 9.226300 -0.026723 0.159001 0.986917 1.577100 0.000000 0.000000 0.000000 1.000000
0.994336 0.105528 0.012630 -0.000000 -0.102148 0.981712 -0.160650 9.226300 -0.029352 0.158450 0.986931 1.577100 0.000000 0.000000 0.000000 1.000000
0.994345 0.104931 0.016377 -0.000000 -0.100940 0.981717 -0.161378 9.226300 -0.033011 0.158812 0.986757 1.577100 0.000000 0.000000 0.000000 1.000000
0.994201 0.105650 0.020047 0.000000 -0.101060 0.981668 -0.161600 9.226300 -0.036753 0.158637 0.986653 1.577100 0.000000 0.000000 0.000000 1.000000
0.993965 0.107218 0.023187 0.000000 -0.102136 0.981661 -0.160967 9.226300 -0.040020 0.157627 0.986687 1.577100 0.000000 0.000000 0.000000 1.000000
0.993746 0.108565 0.026118 0.000000 -0.103047 0.981727 -0.159977 9.226300 -0.043009 0.156285 0.986775 1.577100 0.000000 0.000000 0.000000 1.000000
0.993586 0.109287 0.029044 0.000000 -0.103357 0.981883 -0.158817 9.226300 -0.045875 0.154796 0.986881 1.577100 0.000000 0.000000 0.000000 1.000000
0.993428 0.110048 0.031472 -0.000000 -0.103814 0.982101 -0.157166 9.226300 -0.048205 0.152866 0.987071 1.577100 0.000000 0.000000 0.000000 1.000000
0.993216 0.111565 0.032798 0.000000 -0.105229 0.982322 -0.154825 9.226300 -0.049492 0.150323 0.987397 1.577100 0.000000 0.000000 0.000000 1.000000
0.992942 0.113903 0.033058 -0.000000 -0.107640 0.982489 -0.152080 9.226300 -0.049802 0.147448 0.987815 1.577100 0.000000 0.000000 0.000000 1.000000
0.992576 0.117089 0.032918 0.000000 -0.110946 0.982523 -0.149466 9.226300 -0.049843 0.144704 0.988219 1.577100 0.000000 0.000000 0.000000 1.000000
0.992102 0.120959 0.033216 0.000000 -0.114843 0.982399 -0.147323 9.226300 -0.050452 0.142345 0.988531 1.577100 0.000000 0.000000 0.000000 1.000000
0.991503 0.125447 0.034412 0.000000 -0.119205 0.982127 -0.145662 9.226300 -0.052069 0.140323 0.988736 1.577100 0.000000 0.000000 0.000000 1.000000
0.990937 0.129290 0.036447 0.000000 -0.122803 0.981888 -0.144273 9.226300 -0.054440 0.138490 0.988866 1.577100 0.000000 0.000000 0.000000 1.000000
0.990704 0.130346 0.038926 0.000000 -0.123583 0.981986 -0.142935 9.226300 -0.056856 0.136796 0.988966 1.577100 0.000000 0.000000 0.000000 1.000000
0.991062 0.126776 0.041512 0.000000 -0.119766 0.982646 -0.141647 9.226300 -0.058749 0.135409 0.989047 1.577100 0.000000 0.000000 0.000000 1.000000
0.991914 0.119032 0.044026 0.000000 -0.111800 0.983712 -0.140751 9.226300 -0.060063 0.134691 0.989066 1.577100 0.000000 0.000000 0.000000 1.000000
0.992945 0.109243 0.046103 0.000000 -0.101816 0.984807 -0.140669 9.226300 -0.060770 0.134983 0.988983 1.577100 0.000000 0.000000 0.000000 1.000000
0.993843 0.100361 0.046940 -0.000000 -0.092844 0.985579 -0.141470 9.226300 -0.060461 0.136240 0.988829 1.577100 0.000000 0.000000 0.000000 1.000000
0.994461 0.094195 0.046633 0.000000 -0.086695 0.985954 -0.142751 9.226300 -0.059424 0.137918 0.988659 1.577100 0.000000 0.000000 0.000000 1.000000
0.994794 0.090810 0.046240 0.000000 -0.083318 0.986060 -0.144028 9.226300 -0.058675 0.139425 0.988493 1.577100 0.000000 0.000000 0.000000 1.000000
0.994910 0.089416 0.046470 -0.000000 -0.081840 0.986027 -0.145094 9.226300 -0.058795 0.140553 0.988326 1.577100 0.000000 0.000000 0.000000 1.000000
0.994969 0.088453 0.047048 0.000000 -0.080757 0.985998 -0.145896 9.226300 -0.059294 0.141362 0.988181 1.577100 0.000000 0.000000 0.000000 1.000000
0.995054 0.087261 0.047460 0.000000 -0.079489 0.986034 -0.146354 9.226300 -0.059568 0.141857 0.988093 1.577100 0.000000 0.000000 0.000000 1.000000
0.995133 0.086188 0.047763 0.000000 -0.078389 0.986136 -0.146260 9.226300 -0.059707 0.141804 0.988092 1.577100 0.000000 0.000000 0.000000 1.000000
0.995118 0.085974 0.048454 0.000000 -0.078138 0.986299 -0.145289 9.226300 -0.060281 0.140793 0.988202 1.577100 0.000000 0.000000 0.000000 1.000000
0.995013 0.086608 0.049484 0.000000 -0.078748 0.986552 -0.143227 9.226300 -0.061223 0.138616 0.988452 1.577100 0.000000 0.000000 0.000000 1.000000
0.994901 0.087502 0.050163 0.000000 -0.079730 0.986907 -0.140207 9.226300 -0.061775 0.135492 0.988851 1.577100 0.000000 0.000000 0.000000 1.000000
0.994837 0.088286 0.050058 0.000000 -0.080744 0.987324 -0.136647 9.226300 -0.061488 0.131899 0.989354 1.577100 0.000000 0.000000 0.000000 1.000000
0.994809 0.088857 0.049596 -0.000000 -0.081594 0.987747 -0.133033 9.226300 -0.060809 0.128295 0.989870 1.577100 0.000000 0.000000 0.000000 1.000000
0.994829 0.088709 0.049465 0.000000 -0.081658 0.988166 -0.129848 9.226300 -0.060398 0.125137 0.990299 1.577100 0.000000 0.000000 0.000000 1.000000
0.994952 0.087189 0.049683 0.000000 -0.080266 0.988590 -0.127466 9.226300 -0.060230 0.122835 0.990598 1.577100 0.000000 0.000000 0.000000 1.000000
0.995191 0.084384 0.049747 -0.000000 -0.077575 0.989023 -0.125757 9.226300 -0.059813 0.121294 0.990813 1.577100 0.000000 0.000000 0.000000 1.000000
0.995502 0.080773 0.049504 -0.000000 -0.074119 0.989506 -0.124034 9.226300 -0.059003 0.119807 0.991042 1.577100 0.000000 0.000000 0.000000 1.000000
0.995822 0.076873 0.049285 0.000000 -0.070395 0.990045 -0.121882 9.226300 -0.058164 0.117904 0.991320 1.577100 0.000000 0.000000 0.000000 1.000000
0.996134 0.072824 0.049133 -0.000000 -0.066509 0.990569 -0.119790 9.226300 -0.057393 0.116059 0.991583 1.577100 0.000000 0.000000 0.000000 1.000000
0.996444 0.068774 0.048675 0.000000 -0.062608 0.990978 -0.118502 9.226300 -0.056385 0.115033 0.991760 1.577100 0.000000 0.000000 0.000000 1.000000
0.996746 0.064941 0.047741 0.000000 -0.058927 0.991253 -0.118086 9.226300 -0.054993 0.114888 0.991855 1.577100 0.000000 0.000000 0.000000 1.000000
0.997057 0.060968 0.046470 0.000000 -0.055121 0.991468 -0.118126 9.226300 -0.053275 0.115217 0.991911 1.577100 0.000000 0.000000 0.000000 1.000000
0.997371 0.056809 0.044995 0.000000 -0.051142 0.991648 -0.118399 9.226300 -0.051345 0.115787 0.991946 1.577100 0.000000 0.000000 0.000000 1.000000
0.997671 0.052710 0.043302 -0.000000 -0.047237 0.991777 -0.118943 9.226300 -0.049216 0.116621 0.991956 1.577100 0.000000 0.000000 0.000000 1.000000
0.997974 0.048351 0.041349 -0.000000 -0.043092 0.991866 -0.119774 9.226300 -0.046804 0.117750 0.991940 1.577100 0.000000 0.000000 0.000000 1.000000
0.998295 0.043249 0.039207 -0.000000 -0.038228 0.991938 -0.120817 9.226300 -0.044116 0.119112 0.991900 1.577100 0.000000 0.000000 0.000000 1.000000
