<?xml version="1.0" encoding="utf-8"?>
<COLLADA xmlns="http://www.collada.org/2005/11/COLLADASchema" version="1.4.1">
  <asset><contributor><author>Mixamo</author><authoring_tool>COLLADA Mixamo exporter</authoring_tool><comments></comments></contributor><created>2018-10-29T18:47:43Z</created><modified>2018-10-29T18:47:43Z</modified><revision></revision><title></title><unit meter="0.010000"/><up_axis>Y_UP</up_axis></asset>
  <library_animations>
    <animation id="Zombie_Hips-anim" name="Zombie_Hips"><source id="Zombie_Hips-Matrix-animation-input"><float_array id="Zombie_Hips-Matrix-animation-input-array" count="140">

0.000000 0.033333 0.066667 0.100000 0.133333 0.166667 0.200000 0.233333 0.266667 0.300000 0.333333 0.366667 0.400000 0.433333 0.466667 0.500000
0.533333 0.566667 0.600000 0.633333 0.666667 0.700000 0.733333 0.766667 0.800000 0.833333 0.866667 0.900000 0.933333 0.966667 1.000000 1.033333
1.066667 1.100000 1.133333 1.166667 1.200000 1.233333 1.266667 1.300000 1.333333 1.366667 1.400000 1.433333 1.466667 1.500000 1.533333 1.566667
1.600000 1.633333 1.666667 1.700000 1.733333 1.766667 1.800000 1.833333 1.866667 1.900000 1.933333 1.966667 2.000000 2.033333 2.066667 2.100000
2.133333 2.166667 2.200000 2.233333 2.266667 2.300000 2.333333 2.366667 2.400000 2.433333 2.466667 2.500000 2.533333 2.566667 2.600000 2.633333
2.666667 2.700000 2.733333 2.766667 2.800000 2.833333 2.866667 2.900000 2.933333 2.966667 3.000000 3.033333 3.066667 3.100000 3.133333 3.166667
3.200000 3.233333 3.266667 3.300000 3.333333 3.366667 3.400000 3.433333 3.466667 3.500000 3.533333 3.566667 3.600000 3.633333 3.666667 3.700000
3.733333 3.766667 3.800000 3.833333 3.866667 3.900000 3.933333 3.966667 4.000000 4.033333 4.066667 4.100000 4.133333 4.166667 4.200000 4.233333
4.266667 4.300000 4.333333 4.366667 4.400000 4.433333 4.466667 4.500000 4.533333 4.566667 4.600000 4.633333</float_array><technique_common><accessor source="#Zombie_Hips-Matrix-animation-input-array" count="140"><param name="TIME" type="float"/></accessor></technique_common></source><source id="Zombie_Hips-Matrix-animation-output-transform"><float_array id="Zombie_Hips-Matrix-animation-output-transform-array" count="2240">

0.952612 -0.039060 -0.301668 0.326090 -0.018149 0.982656 -0.184545 87.500992 0.303645 0.181275 0.935382 -0.693013 0.000000 0.000000 0.000000 1.000000
0.953511 -0.039626 -0.298742 0.263873 -0.017782 0.982192 -0.187035 87.561111 0.300833 0.183652 0.935826 -0.757806 0.000000 0.000000 0.000000 1.000000
0.953937 -0.045650 -0.296513 0.145060 -0.014464 0.980208 -0.197443 87.625565 0.299657 0.192637 0.934396 -1.037434 0.000000 0.000000 0.000000 1.000000
0.954250 -0.056852 -0.293556 -0.027914 -0.009835 0.975259 -0.220847 87.616402 0.298848 0.213631 0.930081 -1.636803 0.000000 0.000000 0.000000 1.000000
0.955084 -0.070433 -0.287843 -0.251724 -0.006222 0.966363 -0.257106 87.480125 0.296270 0.247348 0.922520 -2.534726 0.000000 0.000000 0.000000 1.000000
0.957757 -0.081907 -0.275667 -0.542124 -0.006234 0.952443 -0.304654 87.134918 0.287511 0.293503 0.911698 -3.703262 0.000000 0.000000 0.000000 1.000000
0.962164 -0.088200 -0.257801 -0.878980 -0.009435 0.934806 -0.355032 86.540268 0.272308 0.344032 0.898605 -5.038132 0.000000 0.000000 0.000000 1.000000
0.966937 -0.091330 -0.238102 -1.231323 -0.013626 0.913834 -0.405860 85.655762 0.254652 0.395685 0.882375 -6.498871 0.000000 0.000000 0.000000 1.000000
0.971282 -0.093090 -0.218967 -1.602278 -0.017598 0.889659 -0.456287 84.491440 0.237281 0.447036 0.862471 -8.033056 0.000000 0.000000 0.000000 1.000000
0.974786 -0.094151 -0.202306 -2.000885 -0.020177 0.865723 -0.500117 83.144966 0.222227 0.491589 0.841995 -9.550598 0.000000 0.000000 0.000000 1.000000
0.977180 -0.095643 -0.189661 -2.454501 -0.020220 0.846954 -0.531282 81.751701 0.211447 0.522993 0.825693 -10.942017 0.000000 0.000000 0.000000 1.000000
0.978677 -0.098506 -0.180243 -3.001674 -0.017108 0.835363 -0.549433 80.438721 0.204691 0.540801 0.815865 -12.127525 0.000000 0.000000 0.000000 1.000000
0.979890 -0.101409 -0.171849 -3.642724 -0.011528 0.831023 -0.556119 79.358276 0.199206 0.546916 0.813142 -13.099812 0.000000 0.000000 0.000000 1.000000
0.981181 -0.101312 -0.164375 -4.364847 -0.006541 0.833363 -0.552687 78.699142 0.192977 0.543361 0.817018 -13.902215 0.000000 0.000000 0.000000 1.000000
0.982463 -0.096301 -0.159664 -5.176795 -0.005446 0.841117 -0.540826 78.618118 0.186378 0.532211 0.825842 -14.570875 0.000000 0.000000 0.000000 1.000000
0.983392 -0.086779 -0.159405 -6.083998 -0.008889 0.854206 -0.519858 79.121681 0.181277 0.512641 0.839248 -15.080377 0.000000 0.000000 0.000000 1.000000
0.983626 -0.073783 -0.164424 -7.059360 -0.015413 0.874568 -0.484658 80.049057 0.179559 0.479256 0.859111 -15.312891 0.000000 0.000000 0.000000 1.000000
0.983045 -0.058010 -0.173949 -8.028241 -0.022845 0.902503 -0.430077 81.209404 0.181938 0.426759 0.885875 -15.085876 0.000000 0.000000 0.000000 1.000000
0.981811 -0.041889 -0.185180 -8.888404 -0.027612 0.933483 -0.357558 82.502594 0.187840 0.356167 0.915347 -14.241127 0.000000 0.000000 0.000000 1.000000
0.980379 -0.029148 -0.194954 -9.574023 -0.026054 0.961168 -0.274730 83.877991 0.195391 0.274419 0.941550 -12.719682 0.000000 0.000000 0.000000 1.000000
0.979458 -0.019182 -0.200733 -10.118863 -0.019437 0.981849 -0.188666 85.304413 0.200708 0.188692 0.961307 -10.572379 0.000000 0.000000 0.000000 1.000000
0.979723 -0.007952 -0.200199 -10.633772 -0.013299 0.994427 -0.104582 86.719551 0.199915 0.105124 0.974158 -7.895943 0.000000 0.000000 0.000000 1.000000
0.980789 0.004312 -0.195023 -11.220387 -0.010780 0.999426 -0.032117 88.020760 0.194773 0.033603 0.980273 -4.851897 0.000000 0.000000 0.000000 1.000000
0.981047 0.014225 -0.193247 -11.854313 -0.011454 0.999815 0.015452 89.075623 0.193431 -0.012945 0.981029 -1.690461 0.000000 0.000000 0.000000 1.000000
0.979438 0.020501 -0.200703 -12.356099 -0.014262 0.999371 0.032483 89.680519 0.201242 -0.028953 0.979114 1.381497 0.000000 0.000000 0.000000 1.000000
0.976295 0.022246 -0.215299 -12.699475 -0.016700 0.999481 0.027548 90.042130 0.215800 -0.023300 0.976160 4.220156 0.000000 0.000000 0.000000 1.000000
0.972266 0.017991 -0.233187 -12.838992 -0.014738 0.999768 0.015687 90.232849 0.233415 -0.011815 0.972305 6.818236 0.000000 0.000000 0.000000 1.000000
0.967552 0.008693 -0.252524 -12.733875 -0.007397 0.999954 0.006079 90.276962 0.252565 -0.004014 0.967572 9.153064 0.000000 0.000000 0.000000 1.000000
0.962531 -0.002647 -0.271158 -12.420011 0.002173 0.999996 -0.002051 90.240425 0.271162 0.001385 0.962533 11.187992 0.000000 0.000000 0.000000 1.000000
0.958396 -0.013183 -0.285137 -11.942667 0.010066 0.999873 -0.012396 90.176743 0.285264 0.009010 0.958407 12.989035 0.000000 0.000000 0.000000 1.000000
0.956740 -0.020180 -0.290245 -11.451491 0.013896 0.999623 -0.023695 89.973694 0.290613 0.018637 0.956659 14.567057 0.000000 0.000000 0.000000 1.000000
0.958716 -0.021744 -0.283534 -11.006496 0.013043 0.999385 -0.032537 89.745018 0.284067 0.027495 0.958410 15.894088 0.000000 0.000000 0.000000 1.000000
0.964675 -0.018046 -0.262825 -10.625215 0.008059 0.999206 -0.039029 89.616638 0.263320 0.035532 0.964054 16.812498 0.000000 0.000000 0.000000 1.000000
0.973367 -0.011325 -0.228972 -10.280417 0.000595 0.998901 -0.046876 89.565857 0.229251 0.045492 0.972304 17.139938 0.000000 0.000000 0.000000 1.000000
0.981794 -0.004884 -0.189887 -9.885941 -0.006903 0.998092 -0.061362 89.606621 0.189824 0.061556 0.979886 16.790043 0.000000 0.000000 0.000000 1.000000
0.987524 -0.001131 -0.157462 -9.305081 -0.012753 0.996115 -0.087135 89.834274 0.156949 0.088056 0.983673 15.720833 0.000000 0.000000 0.000000 1.000000
0.990281 -0.000581 -0.139077 -8.280118 -0.016972 0.992013 -0.124991 90.229782 0.138039 0.126137 0.982362 13.946963 0.000000 0.000000 0.000000 1.000000
0.990661 -0.003121 -0.136313 -7.139701 -0.020420 0.985067 -0.170956 90.036758 0.134811 0.172143 0.975804 11.124548 0.000000 0.000000 0.000000 1.000000
0.988725 -0.009576 -0.149434 -5.807307 -0.023571 0.975559 -0.218471 89.346909 0.147873 0.219530 0.964334 7.555122 0.000000 0.000000 0.000000 1.000000
0.984281 -0.019764 -0.175502 -4.323934 -0.026898 0.965351 -0.259565 88.282059 0.174551 0.260205 0.949645 3.661731 0.000000 0.000000 0.000000 1.000000
0.978115 -0.029581 -0.205950 -2.870648 -0.031499 0.957380 -0.287110 87.004776 0.205665 0.287314 0.935496 -0.127695 0.000000 0.000000 0.000000 1.000000
0.971644 -0.035532 -0.233764 -1.664909 -0.037852 0.952521 -0.302112 85.739319 0.233400 0.302394 0.924166 -3.410694 0.000000 0.000000 0.000000 1.000000
0.965188 -0.040233 -0.258444 -0.860353 -0.046209 0.946326 -0.319894 84.685509 0.257443 0.320700 0.911523 -5.874276 0.000000 0.000000 0.000000 1.000000
0.958756 -0.044811 -0.280675 -0.389413 -0.062770 0.929731 -0.362851 83.880737 0.277212 0.365504 0.888572 -7.378850 0.000000 0.000000 0.000000 1.000000
0.954199 -0.049422 -0.295063 -0.129785 -0.090127 0.892957 -0.441027 83.165825 0.285275 0.447421 0.847604 -8.112185 0.000000 0.000000 0.000000 1.000000
0.952291 -0.058638 -0.299504 0.011688 -0.119239 0.831878 -0.541998 82.484322 0.280933 0.551852 0.785198 -8.465700 0.000000 0.000000 0.000000 1.000000
0.951121 -0.080433 -0.298160 0.005879 -0.136717 0.756049 -0.640077 81.684715 0.276907 0.649554 0.708098 -8.860066 0.000000 0.000000 0.000000 1.000000
0.949867 -0.114041 -0.291112 -0.094221 -0.135994 0.687705 -0.713139 80.685242 0.281527 0.716977 0.637720 -9.519164 0.000000 0.000000 0.000000 1.000000
0.949532 -0.145364 -0.277954 -0.190655 -0.121257 0.647135 -0.752671 79.523643 0.289285 0.748389 0.596848 -10.355747 0.000000 0.000000 0.000000 1.000000
0.950796 -0.161263 -0.264540 -0.268308 -0.104286 0.637445 -0.763406 78.416962 0.291739 0.753431 0.589262 -11.099254 0.000000 0.000000 0.000000 1.000000
0.952609 -0.163295 -0.256653 -0.402459 -0.094475 0.643170 -0.759873 77.640305 0.289155 0.748109 0.597263 -11.563820 0.000000 0.000000 0.000000 1.000000
0.953082 -0.165325 -0.253580 -0.648468 -0.090541 0.643656 -0.759940 77.313133 0.288855 0.747245 0.598488 -11.789783 0.000000 0.000000 0.000000 1.000000
0.951325 -0.177409 -0.252006 -0.979638 -0.085367 0.634011 -0.768598 77.308723 0.296130 0.752699 0.588005 -11.935493 0.000000 0.000000 0.000000 1.000000
0.947437 -0.194759 -0.253834 -1.345405 -0.077746 0.629449 -0.773143 77.396042 0.310352 0.752239 0.581222 -12.097362 0.000000 0.000000 0.000000 1.000000
0.942189 -0.205763 -0.264464 -1.753721 -0.072295 0.645837 -0.760045 77.428734 0.327189 0.735225 0.593625 -12.270971 0.000000 0.000000 0.000000 1.000000
0.937150 -0.205183 -0.282224 -2.259044 -0.070267 0.681286 -0.728637 77.407448 0.341779 0.702673 0.624050 -12.422407 0.000000 0.000000 0.000000 1.000000
0.933700 -0.196962 -0.299014 -2.892935 -0.068658 0.721122 -0.689397 77.413757 0.351411 0.664220 0.659789 -12.547654 0.000000 0.000000 0.000000 1.000000
0.932103 -0.187021 -0.310173 -3.640800 -0.065513 0.755192 -0.652222 77.512558 0.356219 0.628258 0.691664 -12.649919 0.000000 0.000000 0.000000 1.000000
0.931715 -0.177255 -0.316997 -4.459315 -0.061393 0.783389 -0.618493 77.715782 0.357963 0.595720 0.719013 -12.712619 0.000000 0.000000 0.000000 1.000000
0.931713 -0.166988 -0.322530 -5.309467 -0.057361 0.809235 -0.584678 77.997070 0.358636 0.563253 0.744396 -12.726950 0.000000 0.000000 0.000000 1.000000
0.931670 -0.156278 -0.327975 -6.180052 -0.053506 0.833888 -0.549334 78.342728 0.359343 0.529347 0.768547 -12.717337 0.000000 0.000000 0.000000 1.000000
0.931721 -0.145658 -0.332685 -7.041579 -0.049583 0.856453 -0.513838 78.726875 0.359774 0.495249 0.790753 -12.687142 0.000000 0.000000 0.000000 1.000000
0.932146 -0.135095 -0.335937 -7.875737 -0.045497 0.876735 -0.478817 79.115547 0.359214 0.461611 0.811098 -12.639875 0.000000 0.000000 0.000000 1.000000
0.932772 -0.125271 -0.337999 -8.646873 -0.040644 0.895142 -0.443925 79.530884 0.358168 0.427819 0.829871 -12.594316 0.000000 0.000000 0.000000 1.000000
0.932748 -0.117715 -0.340771 -9.329717 -0.034730 0.911464 -0.409912 79.968369 0.358853 0.394180 0.846077 -12.569284 0.000000 0.000000 0.000000 1.000000
0.931383 -0.112757 -0.346139 -9.910738 -0.028770 0.925050 -0.378755 80.374763 0.362903 0.362724 0.858331 -12.561223 0.000000 0.000000 0.000000 1.000000
0.929055 -0.108687 -0.353615 -10.378724 -0.024506 0.935688 -0.351976 80.708107 0.369129 0.335670 0.866643 -12.546307 0.000000 0.000000 0.000000 1.000000
0.926424 -0.103620 -0.361942 -10.720301 -0.023028 0.943982 -0.329192 80.977295 0.375777 0.313306 0.872141 -12.499390 0.000000 0.000000 0.000000 1.000000
0.923212 -0.097374 -0.371749 -10.925841 -0.024085 0.950802 -0.308861 81.213242 0.383535 0.294098 0.875447 -12.417941 0.000000 0.000000 0.000000 1.000000
0.918798 -0.090718 -0.384163 -10.996193 -0.026596 0.956793 -0.289550 81.436096 0.393832 0.276255 0.876687 -12.314253 0.000000 0.000000 0.000000 1.000000
0.913586 -0.083767 -0.397924 -10.937400 -0.029494 0.962326 -0.270294 81.651497 0.405574 0.258673 0.876697 -12.185628 0.000000 0.000000 0.000000 1.000000
0.908624 -0.076474 -0.410554 -10.759418 -0.032475 0.967175 -0.252029 81.865395 0.416351 0.242333 0.876314 -12.016445 0.000000 0.000000 0.000000 1.000000
0.904153 -0.069710 -0.421482 -10.482011 -0.035801 0.970763 -0.237357 82.091003 0.425705 0.229697 0.875223 -11.812909 0.000000 0.000000 0.000000 1.000000
0.899729 -0.064249 -0.431694 -10.127319 -0.039407 0.973107 -0.226958 82.339081 0.434667 0.221213 0.873000 -11.604625 0.000000 0.000000 0.000000 1.000000
0.895362 -0.059723 -0.441317 -9.703727 -0.042917 0.974783 -0.218989 82.607925 0.443267 0.215014 0.870220 -11.405727 0.000000 0.000000 0.000000 1.000000
0.891447 -0.055480 -0.449716 -9.200443 -0.046372 0.976095 -0.212339 82.886711 0.450746 0.210143 0.867564 -11.196503 0.000000 0.000000 0.000000 1.000000
0.887762 -0.051556 -0.457407 -8.603653 -0.050190 0.976941 -0.207527 83.165993 0.457558 0.207192 0.864703 -10.949253 0.000000 0.000000 0.000000 1.000000
0.883709 -0.048400 -0.465528 -7.912753 -0.054206 0.977362 -0.204513 83.446739 0.464888 0.205965 0.861080 -10.651141 0.000000 0.000000 0.000000 1.000000
0.879569 -0.046016 -0.473541 -7.137988 -0.057350 0.977800 -0.201540 83.736755 0.472302 0.204426 0.857404 -10.302059 0.000000 0.000000 0.000000 1.000000
0.876364 -0.043873 -0.479648 -6.294281 -0.058838 0.978633 -0.197018 84.033577 0.478043 0.200881 0.855057 -9.904818 0.000000 0.000000 0.000000 1.000000
0.874689 -0.041935 -0.482866 -5.394024 -0.059027 0.979618 -0.192001 84.316010 0.481076 0.196444 0.854386 -9.454542 0.000000 0.000000 0.000000 1.000000
0.874386 -0.040936 -0.483501 -4.444003 -0.058830 0.980141 -0.189374 84.554665 0.481651 0.194031 0.854614 -8.944617 0.000000 0.000000 0.000000 1.000000
0.874681 -0.041236 -0.482941 -3.458062 -0.059018 0.979900 -0.190561 84.729294 0.481092 0.195183 0.854666 -8.392535 0.000000 0.000000 0.000000 1.000000
0.874912 -0.042445 -0.482418 -2.463861 -0.059586 0.979148 -0.194214 84.835732 0.480602 0.198665 0.854139 -7.837071 0.000000 0.000000 0.000000 1.000000
0.875362 -0.043718 -0.481488 -1.488725 -0.059959 0.978398 -0.197844 84.878029 0.479736 0.202055 0.853831 -7.306698 0.000000 0.000000 0.000000 1.000000
0.877317 -0.043887 -0.477900 -0.555464 -0.059892 0.978012 -0.199763 84.867706 0.476159 0.203878 0.855398 -6.811449 0.000000 0.000000 0.000000 1.000000
0.882611 -0.042340 -0.468193 0.319865 -0.059211 0.977992 -0.200065 84.822380 0.466359 0.204302 0.860680 -6.348947 0.000000 0.000000 0.000000 1.000000
0.892211 -0.040518 -0.449798 1.123544 -0.057016 0.977893 -0.201183 84.753670 0.448006 0.205143 0.870176 -5.914920 0.000000 0.000000 0.000000 1.000000
0.904412 -0.040510 -0.424734 1.821642 -0.052935 0.977137 -0.205914 84.665916 0.423365 0.208714 0.881590 -5.522340 0.000000 0.000000 0.000000 1.000000
0.915676 -0.041431 -0.399777 2.357320 -0.048612 0.975954 -0.212488 84.580421 0.398968 0.214004 0.891643 -5.210015 0.000000 0.000000 0.000000 1.000000
0.924010 -0.040627 -0.380205 2.698137 -0.046033 0.975288 -0.216087 84.520897 0.379588 0.217168 0.899306 -5.003110 0.000000 0.000000 0.000000 1.000000
0.930178 -0.037542 -0.365184 2.862926 -0.045278 0.975430 -0.215606 84.483688 0.364306 0.217086 0.905624 -4.880643 0.000000 0.000000 0.000000 1.000000
0.935673 -0.033614 -0.351264 2.886290 -0.045319 0.975761 -0.214094 84.454391 0.349947 0.216241 0.911470 -4.812919 0.000000 0.000000 0.000000 1.000000
0.941038 -0.030172 -0.336952 2.784980 -0.045457 0.975705 -0.214319 84.433846 0.335233 0.216999 0.916804 -4.795430 0.000000 0.000000 0.000000 1.000000
0.946002 -0.027585 -0.322984 2.556544 -0.045413 0.975269 -0.216305 84.434959 0.320963 0.219292 0.921354 -4.827672 0.000000 0.000000 0.000000 1.000000
0.950203 -0.025685 -0.310571 2.192725 -0.045034 0.974819 -0.218404 84.464867 0.308361 0.221514 0.925119 -4.893470 0.000000 0.000000 0.000000 1.000000
0.953600 -0.024189 -0.300104 1.693756 -0.044313 0.974635 -0.219367 84.514725 0.297798 0.222487 0.928340 -4.977641 0.000000 0.000000 0.000000 1.000000
0.956592 -0.022693 -0.290547 1.080858 -0.043430 0.974731 -0.219119 84.566170 0.288178 0.222226 0.931434 -5.084965 0.000000 0.000000 0.000000 1.000000
0.959693 -0.020907 -0.280273 0.389876 -0.042445 0.975010 -0.218068 84.613266 0.277828 0.221174 0.934823 -5.228212 0.000000 0.000000 0.000000 1.000000
0.962970 -0.018976 -0.268941 -0.355713 -0.041170 0.975472 -0.216241 84.665154 0.266448 0.219306 0.938568 -5.407191 0.000000 0.000000 0.000000 1.000000
0.966110 -0.017346 -0.257547 -1.151968 -0.039357 0.976175 -0.213385 84.728493 0.255112 0.216290 0.942410 -5.612214 0.000000 0.000000 0.000000 1.000000
0.968881 -0.016536 -0.246975 -1.993838 -0.036776 0.977075 -0.209693 84.800766 0.244781 0.212250 0.946061 -5.835946 0.000000 0.000000 0.000000 1.000000
0.971267 -0.016849 -0.237395 -2.861685 -0.033412 0.977958 -0.206112 84.867058 0.235635 0.208121 0.949295 -6.068247 0.000000 0.000000 0.000000 1.000000
0.973304 -0.018405 -0.228779 -3.726081 -0.029358 0.978608 -0.203627 84.921417 0.227633 0.204907 0.951944 -6.294622 0.000000 0.000000 0.000000 1.000000
0.974921 -0.020825 -0.221576 -4.561082 -0.025047 0.979021 -0.202216 84.978394 0.221139 0.202694 0.953946 -6.502585 0.000000 0.000000 0.000000 1.000000
0.975987 -0.023455 -0.216561 -5.358532 -0.020960 0.979461 -0.200543 85.050095 0.216816 0.200267 0.955450 -6.684588 0.000000 0.000000 0.000000 1.000000
0.976411 -0.025849 -0.214369 -6.117112 -0.017357 0.980199 -0.197253 85.138084 0.215223 0.196320 0.956628 -6.835232 0.000000 0.000000 0.000000 1.000000
0.976222 -0.028078 -0.214947 -6.825128 -0.014193 0.981169 -0.192630 85.240089 0.216308 0.191100 0.957440 -6.949971 0.000000 0.000000 0.000000 1.000000
0.975736 -0.030814 -0.216770 -7.457090 -0.010785 0.982081 -0.188151 85.352356 0.218683 0.185923 0.957920 -7.025104 0.000000 0.000000 0.000000 1.000000
0.975396 -0.034952 -0.217669 -7.987994 -0.006007 0.982772 -0.184726 85.469254 0.220376 0.181488 0.958382 -7.061332 0.000000 0.000000 0.000000 1.000000
0.975105 -0.040137 -0.218080 -8.422612 -0.000189 0.983331 -0.181824 85.586708 0.221742 0.177339 0.958844 -7.069335 0.000000 0.000000 0.000000 1.000000
0.974175 -0.044289 -0.221407 -8.798469 0.004290 0.984028 -0.177964 85.704231 0.225753 0.172418 0.958805 -7.065324 0.000000 0.000000 0.000000 1.000000
0.972243 -0.046076 -0.229391 -9.136886 0.005891 0.984928 -0.172866 85.830490 0.233899 0.166716 0.957861 -7.054357 0.000000 0.000000 0.000000 1.000000
0.969607 -0.046884 -0.240133 -9.409461 0.005839 0.985623 -0.168859 85.970512 0.244598 0.162325 0.955941 -7.025639 0.000000 0.000000 0.000000 1.000000
0.966628 -0.049127 -0.251430 -9.573153 0.006218 0.985651 -0.168682 86.121719 0.256109 0.161489 0.953063 -6.970718 0.000000 0.000000 0.000000 1.000000
0.963345 -0.053601 -0.262857 -9.610547 0.007836 0.985040 -0.172147 86.278694 0.268152 0.163778 0.949353 -6.882317 0.000000 0.000000 0.000000 1.000000
0.959892 -0.059106 -0.274069 -9.531001 0.010350 0.984330 -0.176030 86.434341 0.280178 0.166133 0.945463 -6.745231 0.000000 0.000000 0.000000 1.000000
0.956774 -0.063933 -0.283719 -9.349257 0.013283 0.984127 -0.176969 86.579796 0.290530 0.165550 0.942436 -6.550207 0.000000 0.000000 0.000000 1.000000
0.954163 -0.067257 -0.291631 -9.075887 0.016195 0.984597 -0.174086 86.712082 0.298848 0.161384 0.940556 -6.305303 0.000000 0.000000 0.000000 1.000000
0.951356 -0.069256 -0.300208 -8.725618 0.018230 0.985354 -0.169545 86.831711 0.307553 0.155825 0.938685 -6.029583 0.000000 0.000000 0.000000 1.000000
0.947558 -0.070524 -0.311706 -8.314319 0.018531 0.985831 -0.166715 86.932083 0.319047 0.152196 0.935439 -5.738278 0.000000 0.000000 0.000000 1.000000
0.942772 -0.071560 -0.325669 -7.847473 0.017185 0.985829 -0.166868 87.006577 0.332995 0.151722 0.930642 -5.433535 0.000000 0.000000 0.000000 1.000000
0.937583 -0.072334 -0.340156 -7.320853 0.015122 0.985684 -0.167925 87.058952 0.347433 0.152299 0.925254 -5.103652 0.000000 0.000000 0.000000 1.000000
0.932428 -0.072428 -0.354023 -6.733608 0.012974 0.985786 -0.167506 87.095337 0.361123 0.151594 0.920114 -4.734925 0.000000 0.000000 0.000000 1.000000
0.927417 -0.071632 -0.367106 -6.099762 0.010603 0.986131 -0.165633 87.120903 0.373879 0.149718 0.915313 -4.328314 0.000000 0.000000 0.000000 1.000000
0.922710 -0.070157 -0.379057 -5.440603 0.007722 0.986466 -0.163781 87.138184 0.385418 0.148196 0.910764 -3.899819 0.000000 0.000000 0.000000 1.000000
0.918713 -0.068441 -0.388950 -4.770522 0.004563 0.986642 -0.162837 87.154884 0.394899 0.147826 0.906754 -3.467730 0.000000 0.000000 0.000000 1.000000
0.915865 -0.066820 -0.395888 -4.097330 0.001592 0.986650 -0.162848 87.184372 0.401484 0.148517 0.903744 -3.047068 0.000000 0.000000 0.000000 1.000000
0.914347 -0.065089 -0.399667 -3.436968 -0.001298 0.986520 -0.163633 87.229897 0.404930 0.150136 0.901937 -2.653507 0.000000 0.000000 0.000000 1.000000
0.914087 -0.063091 -0.400581 -2.816258 -0.004271 0.986270 -0.165083 87.282944 0.405496 0.152612 0.901267 -2.302702 0.000000 0.000000 0.000000 1.000000
0.915100 -0.061172 -0.398561 -2.249236 -0.007196 0.985790 -0.167825 87.327812 0.403164 0.156445 0.901656 -1.997472 0.000000 0.000000 0.000000 1.000000
0.918028 -0.060037 -0.391945 -1.722433 -0.009234 0.984966 -0.172501 87.363083 0.396409 0.161980 0.903672 -1.722530 0.000000 0.000000 0.000000 1.000000
0.923669 -0.059335 -0.378569 -1.212761 -0.009563 0.984062 -0.177569 87.396690 0.383072 0.167635 0.908380 -1.456017 0.000000 0.000000 0.000000 1.000000
0.931243 -0.057670 -0.359806 -0.731156 -0.008744 0.983576 -0.180281 87.428276 0.364294 0.171032 0.915444 -1.201062 0.000000 0.000000 0.000000 1.000000
0.938335 -0.054526 -0.341400 -0.328882 -0.008588 0.983504 -0.180682 87.450737 0.345621 0.172472 0.922388 -0.995697 0.000000 0.000000 0.000000 1.000000
0.943294 -0.050883 -0.328036 -0.049232 -0.009995 0.983381 -0.181279 87.461922 0.331808 0.174278 0.927109 -0.867580 0.000000 0.000000 0.000000 1.000000
0.946925 -0.047716 -0.317894 0.148463 -0.011734 0.983132 -0.182520 87.470810 0.321241 0.176563 0.930392 -0.785226 0.000000 0.000000 0.000000 1.000000
0.949472 -0.044722 -0.310648 0.271691 -0.013840 0.982867 -0.183796 87.474701 0.313545 0.178809 0.932586 -0.738332 0.000000 0.000000 0.000000 1.000000
0.951270 -0.041579 -0.305543 0.329318 -0.016274 0.982717 -0.184397 87.477745 0.307930 0.180384 0.934153 -0.708191 0.000000 0.000000 0.000000 1.000000
0.952612 -0.039060 -0.301668 0.326091 -0.018149 0.982656 -0.184545 87.501015 0.303645 0.181275 0.935382 -0.693011 0.000000 0.000000 0.000000 1.000000</float_array><technique_common><accessor source="#Zombie_Hips-Matrix-animation-output-transform-array" count="140" stride="16"><param type="float4x4"/></accessor></technique_common></source><source id="Zombie_Hips-Interpolations"><Name_array id="Zombie_Hips-Interpolations-array" count="140">
 LINEAR LINEAR LINEAR LINEAR LINEAR LINEAR LINEAR LINEAR LINEAR LINEAR LINEAR
LINEAR LINEAR LINEAR LINEAR LINEAR LINEAR LINEAR LINEAR LINEAR LINEAR LINEAR LINEAR
LINEAR LINEAR LINEAR LINEAR LINEAR LINEAR LINEAR LINEAR LINEAR LINEAR LINEAR LINEAR
LINEAR LINEAR LINEAR LINEAR LINEAR LINEAR LINEAR LINEAR LINEAR LINEAR LINEAR LINEAR
LINEAR LINEAR LINEAR LINEAR LINEAR LINEAR LINEAR LINEAR LINEAR LINEAR LINEAR LINEAR
LINEAR LINEAR LINEAR LINEAR LINEAR LINEAR LINEAR LINEAR LINEAR LINEAR LINEAR LINEAR
LINEAR LINEAR LINEAR LINEAR LINEAR LINEAR LINEAR LINEAR LINEAR LINEAR LINEAR LINEAR
LINEAR LINEAR LINEAR LINEAR LINEAR LINEAR LINEAR LINEAR LINEAR LINEAR LINEAR LINEAR
LINEAR LINEAR LINEAR LINEAR LINEAR LINEAR LINEAR LINEAR LINEAR LINEAR LINEAR LINEAR
LINEAR LINEAR LINEAR LINEAR LINEAR LINEAR LINEAR LINEAR LINEAR LINEAR LINEAR LINEAR
LINEAR LINEAR LINEAR LINEAR LINEAR LINEAR LINEAR LINEAR LINEAR LINEAR LINEAR LINEAR
LINEAR LINEAR LINEAR LINEAR LINEAR LINEAR LINEAR LINEAR LINEAR</Name_array><technique_common><accessor source="#Zombie_Hips-Interpolations-array" count="140"><param type="name"/></accessor></technique_common></source><sampler id="Zombie_Hips-Matrix-animation-transform"><input semantic="INPUT" source="#Zombie_Hips-Matrix-animation-input"/><input semantic="OUTPUT" source="#Zombie_Hips-Matrix-animation-output-transform"/><input semantic="INTERPOLATION" source="#Zombie_Hips-Interpolations"/></sampler><channel source="#Zombie_Hips-Matrix-animation-transform" target="Zombie_Hips/matrix"/></animation>
    <animation id="Zombie_Spine-anim" name="Zombie_Spine"><source id="Zombie_Spine-Matrix-animation-input"><float_array id="Zombie_Spine-Matrix-animation-input-array" count="140">

0.000000 0.033333 0.066667 0.100000 0.133333 0.166667 0.200000 0.233333 0.266667 0.300000 0.333333 0.366667 0.400000 0.433333 0.466667 0.500000
0.533333 0.566667 0.600000 0.633333 0.666667 0.700000 0.733333 0.766667 0.800000 0.833333 0.866667 0.900000 0.933333 0.966667 1.000000 1.033333
1.066667 1.100000 1.133333 1.166667 1.200000 1.233333 1.266667 1.300000 1.333333 1.366667 1.400000 1.433333 1.466667 1.500000 1.533333 1.566667
1.600000 1.633333 1.666667 1.700000 1.733333 1.766667 1.800000 1.833333 1.866667 1.900000 1.933333 1.966667 2.000000 2.033333 2.066667 2.100000
2.133333 2.166667 2.200000 2.233333 2.266667 2.300000 2.333333 2.366667 2.400000 2.433333 2.466667 2.500000 2.533333 2.566667 2.600000 2.633333
2.666667 2.700000 2.733333 2.766667 2.800000 2.833333 2.866667 2.900000 2.933333 2.966667 3.000000 3.033333 3.066667 3.100000 3.133333 3.166667
3.200000 3.233333 3.266667 3.300000 3.333333 3.366667 3.400000 3.433333 3.466667 3.500000 3.533333 3.566667 3.600000 3.633333 3.666667 3.700000
3.733333 3.766667 3.800000 3.833333 3.866667 3.900000 3.933333 3.966667 4.000000 4.033333 4.066667 4.100000 4.133333 4.166667 4.200000 4.233333
4.266667 4.300000 4.333333 4.366667 4.400000 4.433333 4.466667 4.500000 4.533333 4.566667 4.600000 4.633333</float_array><technique_common><accessor source="#Zombie_Spine-Matrix-animation-input-array" count="140"><param name="TIME" type="float"/></accessor></technique_common></source><source id="Zombie_Spine-Matrix-animation-output-transform"><float_array id="Zombie_Spine-Matrix-animation-output-transform-array" count="2240">

0.999514 0.007692 -0.030212 -0.000000 -0.011272 0.992687 -0.120185 9.226300 0.029066 0.120468 0.992292 1.577100 0.000000 0.000000 0.000000 1.000000
0.999587 0.009321 -0.027196 0.000000 -0.012518 0.992713 -0.119854 9.226300 0.025881 0.120145 0.992419 1.577100 0.000000 0.000000 0.000000 1.000000
0.999640 0.011888 -0.024057 -0.000000 -0.014632 0.992992 -0.117276 9.226300 0.022494 0.117585 0.992808 1.577100 0.000000 0.000000 0.000000 1.000000
0.999662 0.015137 -0.021156 0.000000 -0.017421 0.993524 -0.112283 9.226300 0.019319 0.112614 0.993451 1.577100 0.000000 0.000000 0.000000 1.000000
0.999659 0.017960 -0.018964 -0.000000 -0.019855 0.994273 -0.105011 9.226300 0.016969 0.105352 0.994290 1.577100 0.000000 0.000000 0.000000 1.000000
0.999658 0.019188 -0.017740 -0.000000 -0.020843 0.994937 -0.098317 9.226300 0.015764 0.098653 0.994997 1.577100 0.000000 0.000000 0.000000 1.000000
0.999664 0.018545 -0.018123 0.000000 -0.020196 0.995212 -0.095629 9.226300 0.016263 0.095963 0.995252 1.577100 0.000000 0.000000 0.000000 1.000000
0.999695 0.014154 -0.020215 0.000000 -0.016097 0.994912 -0.099456 9.226300 0.018705 0.099751 0.994837 1.577100 0.000000 0.000000 0.000000 1.000000
0.999718 0.006110 -0.022959 0.000000 -0.008613 0.993834 -0.110540 9.226300 0.022142 0.110706 0.993606 1.577100 0.000000 0.000000 0.000000 1.000000
0.999677 -0.001433 -0.025377 0.000000 -0.001830 0.991761 -0.128093 9.226300 0.025352 0.128098 0.991437 1.577100 0.000000 0.000000 0.000000 1.000000
0.999584 -0.005110 -0.028370 0.000000 0.000804 0.988723 -0.149752 9.226300 0.028815 0.149667 0.988317 1.577100 0.000000 0.000000 0.000000 1.000000
0.999435 -0.004945 -0.033235 0.000000 -0.000819 0.985234 -0.171210 9.226300 0.033590 0.171140 0.984674 1.577100 0.000000 0.000000 0.000000 1.000000
0.999238 -0.002535 -0.038947 0.000000 -0.004820 0.982234 -0.187596 9.226300 0.038731 0.187641 0.981474 1.577100 0.000000 0.000000 0.000000 1.000000
0.999083 0.000697 -0.042812 0.000000 -0.009112 0.980427 -0.196674 9.226300 0.041837 0.196884 0.979534 1.577100 0.000000 0.000000 0.000000 1.000000
0.999054 0.003800 -0.043313 0.000000 -0.012414 0.979636 -0.200398 9.226300 0.041669 0.200746 0.978757 1.577100 0.000000 0.000000 0.000000 1.000000
0.999166 0.005791 -0.040421 0.000000 -0.013852 0.979264 -0.202115 9.226300 0.038413 0.202506 0.978527 1.577100 0.000000 0.000000 0.000000 1.000000
0.999395 0.005937 -0.034265 0.000000 -0.012729 0.979394 -0.201560 9.226300 0.032362 0.201874 0.978877 1.577100 0.000000 0.000000 0.000000 1.000000
0.999659 0.004708 -0.025671 0.000000 -0.009590 0.981044 -0.193547 9.226300 0.024273 0.193728 0.980755 1.577100 0.000000 0.000000 0.000000 1.000000
0.999855 0.003031 -0.016780 -0.000000 -0.005892 0.984872 -0.173186 9.226300 0.016001 0.173260 0.984746 1.577100 0.000000 0.000000 0.000000 1.000000
0.999953 0.001020 -0.009605 -0.000000 -0.002376 0.989831 -0.142227 9.226300 0.009362 0.142243 0.989787 1.577100 0.000000 0.000000 0.000000 1.000000
0.999989 -0.001433 -0.004550 -0.000000 0.000930 0.994070 -0.108742 9.226300 0.004679 0.108737 0.994060 1.577100 0.000000 0.000000 0.000000 1.000000
0.999989 -0.004393 -0.001543 0.000000 0.004255 0.996757 -0.080364 9.226300 0.001891 0.080356 0.996764 1.577100 0.000000 0.000000 0.000000 1.000000
0.999972 -0.007518 -0.000636 -0.000000 0.007467 0.998239 -0.058853 9.226300 0.001078 0.058846 0.998266 1.577100 0.000000 0.000000 0.000000 1.000000
0.999955 -0.009496 -0.000622 -0.000000 0.009463 0.999121 -0.040848 9.226300 0.001009 0.040840 0.999165 1.577100 0.000000 0.000000 0.000000 1.000000
0.999936 -0.011264 -0.000587 0.000000 0.011248 0.999684 -0.022474 9.226300 0.000840 0.022466 0.999747 1.577100 0.000000 0.000000 0.000000 1.000000
0.999927 -0.012005 -0.001569 0.000000 0.012000 0.999924 -0.002829 9.226300 0.001603 0.002810 0.999995 1.577100 0.000000 0.000000 0.000000 1.000000
0.999923 -0.011458 -0.004767 0.000000 0.011534 0.999801 0.016286 9.226300 0.004580 -0.016340 0.999856 1.577100 0.000000 0.000000 0.000000 1.000000
0.999920 -0.008882 -0.008968 -0.000000 0.009171 0.999423 0.032718 9.226300 0.008672 -0.032798 0.999424 1.577100 0.000000 0.000000 0.000000 1.000000
0.999929 -0.003503 -0.011431 0.000000 0.004019 0.998959 0.045445 9.226300 0.011260 -0.045487 0.998901 1.577100 0.000000 0.000000 0.000000 1.000000
0.999942 0.002451 -0.010527 0.000000 -0.001873 0.998505 0.054624 9.226300 0.010646 -0.054601 0.998452 1.577100 0.000000 0.000000 0.000000 1.000000
0.999948 0.007449 -0.006913 0.000000 -0.007012 0.998096 0.061279 9.226300 0.007356 -0.061227 0.998097 1.577100 0.000000 0.000000 0.000000 1.000000
0.999933 0.011363 -0.002098 -0.000000 -0.011198 0.997716 0.066607 9.226300 0.002850 -0.066579 0.997777 1.577100 0.000000 0.000000 0.000000 1.000000
0.999880 0.015272 0.002551 0.000000 -0.015414 0.997374 0.070761 9.226300 -0.001464 -0.070792 0.997490 1.577100 0.000000 0.000000 0.000000 1.000000
0.999801 0.018955 0.006163 -0.000000 -0.019353 0.997172 0.072618 9.226300 -0.004769 -0.072723 0.997341 1.577100 0.000000 0.000000 0.000000 1.000000
0.999736 0.021209 0.008843 0.000000 -0.021785 0.997232 0.071094 9.226300 -0.007310 -0.071268 0.997430 1.577100 0.000000 0.000000 0.000000 1.000000
0.999698 0.021772 0.011413 0.000000 -0.022476 0.997589 0.065664 9.226300 -0.009956 -0.065900 0.997777 1.577100 0.000000 0.000000 0.000000 1.000000
0.999680 0.020792 0.014380 0.000000 -0.021552 0.998258 0.054928 9.226300 -0.013213 -0.055221 0.998387 1.577100 0.000000 0.000000 0.000000 1.000000
0.999594 0.022969 0.016842 0.000000 -0.023566 0.999067 0.036182 9.226300 -0.015996 -0.036565 0.999203 1.577100 0.000000 0.000000 0.000000 1.000000
0.999440 0.027562 0.018966 0.000000 -0.027715 0.999585 0.007819 9.226300 -0.018743 -0.008340 0.999790 1.577100 0.000000 0.000000 0.000000 1.000000
0.999266 0.032155 0.020813 0.000000 -0.031562 0.999103 -0.028242 9.226300 -0.021703 0.027564 0.999384 1.577100 0.000000 0.000000 0.000000 1.000000
0.999158 0.035050 0.021310 0.000000 -0.033565 0.997225 -0.066449 9.226300 -0.023580 0.065678 0.997562 1.577100 0.000000 0.000000 0.000000 1.000000
0.999145 0.036288 0.019789 0.000000 -0.034128 0.994372 -0.100297 9.226300 -0.023317 0.099536 0.994761 1.577100 0.000000 0.000000 0.000000 1.000000
0.999112 0.039081 0.015771 -0.000000 -0.036776 0.991272 -0.126601 9.226300 -0.020581 0.125909 0.991828 1.577100 0.000000 0.000000 0.000000 1.000000
0.999047 0.042523 0.009855 0.000000 -0.040613 0.988279 -0.147155 9.226300 -0.015997 0.146615 0.989064 1.577100 0.000000 0.000000 0.000000 1.000000
0.999073 0.043003 0.002023 -0.000000 -0.042074 0.985282 -0.165677 9.226300 -0.009118 0.165438 0.986178 1.577100 0.000000 0.000000 0.000000 1.000000
0.999195 0.039557 -0.006635 0.000000 -0.040103 0.982172 -0.183657 9.226300 -0.000749 0.183775 0.982968 1.577100 0.000000 0.000000 0.000000 1.000000
0.999239 0.036730 -0.013094 0.000000 -0.038611 0.978923 -0.200547 9.226300 0.005452 0.200900 0.979597 1.577100 0.000000 0.000000 0.000000 1.000000
0.999162 0.037514 -0.016398 0.000000 -0.040180 0.975398 -0.216757 9.226300 0.007863 0.217234 0.976088 1.577100 0.000000 0.000000 0.000000 1.000000
0.999063 0.039606 -0.017437 0.000000 -0.042587 0.971383 -0.233668 9.226300 0.007683 0.234192 0.972160 1.577100 0.000000 0.000000 0.000000 1.000000
0.999093 0.038617 -0.017956 0.000000 -0.041887 0.967180 -0.250614 9.226300 0.007689 0.251139 0.967921 1.577100 0.000000 0.000000 0.000000 1.000000
0.999230 0.034223 -0.019211 0.000000 -0.038085 0.963737 -0.264121 9.226300 0.009475 0.264649 0.964298 1.577100 0.000000 0.000000 0.000000 1.000000
0.999337 0.029927 -0.020712 0.000000 -0.034425 0.961949 -0.271051 9.226300 0.011813 0.271584 0.962342 1.577100 0.000000 0.000000 0.000000 1.000000
0.999384 0.027812 -0.021416 0.000000 -0.032589 0.961821 -0.271733 9.226300 0.013041 0.272263 0.962134 1.577100 0.000000 0.000000 0.000000 1.000000
0.999397 0.027891 -0.020693 -0.000000 -0.032442 0.962413 -0.269647 9.226300 0.012395 0.270156 0.962737 1.577100 0.000000 0.000000 0.000000 1.000000
0.999408 0.028925 -0.018652 0.000000 -0.032871 0.962782 -0.268275 9.226300 0.010198 0.268729 0.963162 1.577100 0.000000 0.000000 0.000000 1.000000
0.999446 0.029082 -0.016201 0.000000 -0.032366 0.962741 -0.268482 9.226300 0.007790 0.268858 0.963148 1.577100 0.000000 0.000000 0.000000 1.000000
0.999515 0.027663 -0.014309 0.000000 -0.030493 0.962706 -0.268827 9.226300 0.006339 0.269133 0.963082 1.577100 0.000000 0.000000 0.000000 1.000000
0.999585 0.025574 -0.013251 -0.000000 -0.028190 0.963058 -0.267813 9.226300 0.005912 0.268075 0.963380 1.577100 0.000000 0.000000 0.000000 1.000000
0.999627 0.024142 -0.012770 0.000000 -0.026666 0.963783 -0.265353 9.226300 0.005901 0.265594 0.964067 1.577100 0.000000 0.000000 0.000000 1.000000
0.999629 0.024095 -0.012720 0.000000 -0.026590 0.964605 -0.262356 9.226300 0.005949 0.262597 0.964887 1.577100 0.000000 0.000000 0.000000 1.000000
0.999588 0.025512 -0.013144 0.000000 -0.028051 0.965296 -0.259646 9.226300 0.006064 0.259908 0.965614 1.577100 0.000000 0.000000 0.000000 1.000000
0.999519 0.027564 -0.014179 -0.000000 -0.030287 0.965794 -0.257535 9.226300 0.006595 0.257841 0.966165 1.577100 0.000000 0.000000 0.000000 1.000000
0.999434 0.029796 -0.015617 0.000000 -0.032803 0.966119 -0.256004 9.226300 0.007460 0.256372 0.966549 1.577100 0.000000 0.000000 0.000000 1.000000
0.999330 0.032218 -0.017391 0.000000 -0.035588 0.966357 -0.254730 9.226300 0.008599 0.255178 0.966856 1.577100 0.000000 0.000000 0.000000 1.000000
0.999188 0.035237 -0.019530 0.000000 -0.039035 0.966699 -0.252923 9.226300 0.009967 0.253480 0.967289 1.577100 0.000000 0.000000 0.000000 1.000000
0.999004 0.038706 -0.022208 0.000000 -0.043030 0.967373 -0.249675 9.226300 0.011819 0.250382 0.968075 1.577100 0.000000 0.000000 0.000000 1.000000
0.998801 0.041807 -0.025453 0.000000 -0.046774 0.968457 -0.244752 9.226300 0.014418 0.245649 0.969252 1.577100 0.000000 0.000000 0.000000 1.000000
0.998612 0.044264 -0.028544 0.000000 -0.049814 0.969768 -0.238890 9.226300 0.017107 0.239980 0.970627 1.577100 0.000000 0.000000 0.000000 1.000000
0.998458 0.046432 -0.030435 0.000000 -0.052267 0.970999 -0.233302 9.226300 0.018720 0.234533 0.971928 1.577100 0.000000 0.000000 0.000000 1.000000
0.998355 0.048264 -0.030958 0.000000 -0.054083 0.971974 -0.228785 9.226300 0.019048 0.230083 0.972985 1.577100 0.000000 0.000000 0.000000 1.000000
0.998296 0.049390 -0.031075 0.000000 -0.055136 0.972755 -0.225184 9.226300 0.019106 0.226513 0.973821 1.577100 0.000000 0.000000 0.000000 1.000000
0.998244 0.049871 -0.031964 0.000000 -0.055734 0.973525 -0.221683 9.226300 0.020062 0.223075 0.974595 1.577100 0.000000 0.000000 0.000000 1.000000
0.998154 0.050295 -0.034049 -0.000000 -0.056523 0.974380 -0.217688 9.226300 0.022228 0.219211 0.975424 1.577100 0.000000 0.000000 0.000000 1.000000
0.998023 0.050884 -0.036886 0.000000 -0.057613 0.975245 -0.213491 9.226300 0.025110 0.215194 0.976248 1.577100 0.000000 0.000000 0.000000 1.000000
0.997906 0.051006 -0.039766 0.000000 -0.058249 0.975995 -0.209861 9.226300 0.028107 0.211738 0.976922 1.577100 0.000000 0.000000 0.000000 1.000000
0.997842 0.050194 -0.042319 0.000000 -0.057904 0.976638 -0.206941 9.226300 0.030943 0.208945 0.977438 1.577100 0.000000 0.000000 0.000000 1.000000
0.997806 0.049022 -0.044499 -0.000000 -0.057111 0.977310 -0.203970 9.226300 0.033490 0.206064 0.977965 1.577100 0.000000 0.000000 0.000000 1.000000
0.997752 0.048378 -0.046372 0.000000 -0.056735 0.978086 -0.200322 9.226300 0.035665 0.202502 0.978632 1.577100 0.000000 0.000000 0.000000 1.000000
0.997671 0.048367 -0.048087 0.000000 -0.056924 0.978859 -0.196456 9.226300 0.037568 0.198736 0.979333 1.577100 0.000000 0.000000 0.000000 1.000000
0.997599 0.048320 -0.049607 -0.000000 -0.057061 0.979448 -0.193459 9.226300 0.039239 0.195826 0.979853 1.577100 0.000000 0.000000 0.000000 1.000000
0.997589 0.047604 -0.050493 0.000000 -0.056467 0.979791 -0.191888 9.226300 0.040338 0.194276 0.980117 1.577100 0.000000 0.000000 0.000000 1.000000
0.997677 0.046137 -0.050126 -0.000000 -0.054934 0.979976 -0.191390 9.226300 0.040292 0.193699 0.980233 1.577100 0.000000 0.000000 0.000000 1.000000
0.997853 0.044368 -0.048167 0.000000 -0.052814 0.980107 -0.191316 9.226300 0.038720 0.193449 0.980346 1.577100 0.000000 0.000000 0.000000 1.000000
0.998074 0.042789 -0.044908 -0.000000 -0.050635 0.980208 -0.191387 9.226300 0.035830 0.193292 0.980487 1.577100 0.000000 0.000000 0.000000 1.000000
0.998302 0.041409 -0.040957 0.000000 -0.048529 0.980228 -0.191827 9.226300 0.032204 0.193489 0.980574 1.577100 0.000000 0.000000 0.000000 1.000000
0.998527 0.039850 -0.036811 0.000000 -0.046229 0.980115 -0.192972 9.226300 0.028389 0.194389 0.980514 1.577100 0.000000 0.000000 0.000000 1.000000
0.998754 0.037493 -0.032938 -0.000000 -0.043208 0.979899 -0.194760 9.226300 0.024973 0.195941 0.980298 1.577100 0.000000 0.000000 0.000000 1.000000
0.998978 0.033935 -0.029867 0.000000 -0.039159 0.979696 -0.196628 9.226300 0.022588 0.197597 0.980023 1.577100 0.000000 0.000000 0.000000 1.000000
