<?xml version="1.0" encoding="utf-8"?>
<COLLADA xmlns="http://www.collada.org/2005/11/COLLADASchema" version="1.4.1">
  <asset><contributor><author>Mixamo</author><authoring_tool>COLLADA Mixamo exporter</authoring_tool><comments></comments></contributor><created>2018-10-30T12:15:09Z</created><modified>2018-10-30T12:15:09Z</modified><revision></revision><title></title><unit meter="0.010000"/><up_axis>Y_UP</up_axis></asset>
  <library_animations>
    <animation id="Zombie_Hips-anim" name="Zombie_Hips"><source id="Zombie_Hips-Matrix-animation-input"><float_array id="Zombie_Hips-Matrix-animation-input-array" count="121">

0.000000 0.033333 0.066667 0.100000 0.133333 0.166667 0.200000 0.233333 0.266667 0.300000 0.333333 0.366667 0.400000 0.433333 0.466667 0.500000
0.533333 0.566667 0.600000 0.633333 0.666667 0.700000 0.733333 0.766667 0.800000 0.833333 0.866667 0.900000 0.933333 0.966667 1.000000 1.033333
1.066667 1.100000 1.133333 1.166667 1.200000 1.233333 1.266667 1.300000 1.333333 1.366667 1.400000 1.433333 1.466667 1.500000 1.533333 1.566667
1.600000 1.633333 1.666667 1.700000 1.733333 1.766667 1.800000 1.833333 1.866667 1.900000 1.933333 1.966667 2.000000 2.033333 2.066667 2.100000
2.133333 2.166667 2.200000 2.233333 2.266667 2.300000 2.333333 2.366667 2.400000 2.433333 2.466667 2.500000 2.533333 2.566667 2.600000 2.633333
2.666667 2.700000 2.733333 2.766667 2.800000 2.833333 2.866667 2.900000 2.933333 2.966667 3.000000 3.033333 3.066667 3.100000 3.133333 3.166667
3.200000 3.233333 3.266667 3.300000 3.333333 3.366667 3.400000 3.433333 3.466667 3.500000 3.533333 3.566667 3.600000 3.633333 3.666667 3.700000
3.733333 3.766667 3.800000 3.833333 3.866667 3.900000 3.933333 3.966667 4.000000</float_array><technique_common><accessor source="#Zombie_Hips-Matrix-animation-input-array" count="121"><param name="TIME" type="float"/></accessor></technique_common></source><source id="Zombie_Hips-Matrix-animation-output-transform"><float_array id="Zombie_Hips-Matrix-animation-output-transform-array" count="1936">

0.998348 0.024029 -0.052182 -0.159672 -0.025894 0.999039 -0.035370 93.931610 0.051282 0.036663 0.998011 -0.622121 0.000000 0.000000 0.000000 1.000000
0.998348 0.023726 -0.052333 -0.163421 -0.025598 0.999045 -0.035398 93.925888 0.051444 0.036679 0.998002 -0.868715 0.000000 0.000000 0.000000 1.000000
0.998347 0.023404 -0.052495 -0.166780 -0.025285 0.999051 -0.035460 93.920868 0.051615 0.036728 0.997991 -1.107736 0.000000 0.000000 0.000000 1.000000
0.998346 0.023068 -0.052667 -0.169609 -0.024959 0.999057 -0.035521 93.917763 0.051798 0.036777 0.997980 -1.334138 0.000000 0.000000 0.000000 1.000000
0.998344 0.022716 -0.052849 -0.171892 -0.024614 0.999065 -0.035555 93.918480 0.051992 0.036797 0.997969 -1.542196 0.000000 0.000000 0.000000 1.000000
0.998342 0.022350 -0.053040 -0.173687 -0.024256 0.999073 -0.035560 93.923500 0.052197 0.036788 0.997959 -1.728273 0.000000 0.000000 0.000000 1.000000
0.998340 0.021984 -0.053236 -0.175129 -0.023895 0.999082 -0.035541 93.933395 0.052406 0.036754 0.997949 -1.891864 0.000000 0.000000 0.000000 1.000000
0.998337 0.021640 -0.053430 -0.175778 -0.023556 0.999093 -0.035484 93.948364 0.052614 0.036684 0.997941 -2.031544 0.000000 0.000000 0.000000 1.000000
0.998334 0.021463 -0.053562 -0.174809 -0.023379 0.999099 -0.035419 93.966316 0.052754 0.036612 0.997936 -2.039690 0.000000 0.000000 0.000000 1.000000
0.998331 0.021446 -0.053624 -0.172414 -0.023362 0.999101 -0.035367 93.983414 0.052817 0.036560 0.997935 -1.931369 0.000000 0.000000 0.000000 1.000000
0.998329 0.021447 -0.053664 -0.169979 -0.023362 0.999103 -0.035310 93.997978 0.052858 0.036505 0.997935 -1.822392 0.000000 0.000000 0.000000 1.000000
0.998328 0.021461 -0.053669 -0.168110 -0.023374 0.999104 -0.035271 94.009567 0.052864 0.036467 0.997936 -1.715711 0.000000 0.000000 0.000000 1.000000
0.998330 0.021492 -0.053628 -0.166948 -0.023403 0.999104 -0.035267 94.019768 0.052822 0.036463 0.997938 -1.612686 0.000000 0.000000 0.000000 1.000000
0.998334 0.021535 -0.053531 -0.166505 -0.023446 0.999101 -0.035332 94.029213 0.052722 0.036528 0.997941 -1.521042 0.000000 0.000000 0.000000 1.000000
0.998341 0.021598 -0.053378 -0.166800 -0.023511 0.999093 -0.035490 94.037659 0.052563 0.036686 0.997944 -1.455809 0.000000 0.000000 0.000000 1.000000
0.998348 0.021688 -0.053203 -0.167372 -0.023611 0.999081 -0.035783 94.042267 0.052378 0.036980 0.997942 -1.439132 0.000000 0.000000 0.000000 1.000000
0.998354 0.021761 -0.053071 -0.167965 -0.023706 0.999059 -0.036311 94.038246 0.052230 0.037509 0.997930 -1.506786 0.000000 0.000000 0.000000 1.000000
0.998358 0.021777 -0.052991 -0.168384 -0.023763 0.999027 -0.037146 94.025459 0.052130 0.038344 0.997904 -1.667985 0.000000 0.000000 0.000000 1.000000
0.998361 0.021737 -0.052947 -0.168310 -0.023772 0.998991 -0.038109 94.021538 0.052065 0.039305 0.997870 -1.904249 0.000000 0.000000 0.000000 1.000000
0.998368 0.021584 -0.052878 -0.167671 -0.023684 0.998942 -0.039420 94.021393 0.051972 0.040608 0.997823 -2.224130 0.000000 0.000000 0.000000 1.000000
0.998368 0.021364 -0.052953 -0.166925 -0.023524 0.998902 -0.040503 94.054420 0.052029 0.041683 0.997775 -2.546198 0.000000 0.000000 0.000000 1.000000
0.998370 0.021190 -0.052987 -0.166581 -0.023394 0.998872 -0.041322 94.116226 0.052052 0.042494 0.997740 -2.758488 0.000000 0.000000 0.000000 1.000000
0.998376 0.021101 -0.052925 -0.167214 -0.023329 0.998852 -0.041838 94.186012 0.051981 0.043004 0.997722 -2.830642 0.000000 0.000000 0.000000 1.000000
0.998382 0.021123 -0.052798 -0.168531 -0.023355 0.998844 -0.042019 94.240211 0.051850 0.043184 0.997721 -2.782522 0.000000 0.000000 0.000000 1.000000
0.998388 0.021218 -0.052638 -0.170110 -0.023445 0.998840 -0.042060 94.274139 0.051685 0.043226 0.997728 -2.644066 0.000000 0.000000 0.000000 1.000000
0.998398 0.021394 -0.052374 -0.171622 -0.023593 0.998849 -0.041751 94.314026 0.051420 0.042920 0.997754 -2.378490 0.000000 0.000000 0.000000 1.000000
0.998409 0.021535 -0.052104 -0.172604 -0.023688 0.998876 -0.041062 94.353386 0.051161 0.042230 0.997797 -2.030109 0.000000 0.000000 0.000000 1.000000
0.998419 0.021667 -0.051857 -0.172176 -0.023769 0.998907 -0.040254 94.374504 0.050928 0.041423 0.997843 -1.647903 0.000000 0.000000 0.000000 1.000000
0.998430 0.021691 -0.051638 -0.169989 -0.023747 0.998936 -0.039542 94.399727 0.050725 0.040706 0.997883 -1.273454 0.000000 0.000000 0.000000 1.000000
0.998441 0.021582 -0.051486 -0.166238 -0.023599 0.998964 -0.038902 94.431198 0.050593 0.040056 0.997916 -0.913144 0.000000 0.000000 0.000000 1.000000
0.998450 0.021358 -0.051403 -0.161695 -0.023343 0.998993 -0.038327 94.464828 0.050533 0.039467 0.997942 -0.573201 0.000000 0.000000 0.000000 1.000000
0.998457 0.021112 -0.051364 -0.157011 -0.023073 0.999016 -0.037876 94.494476 0.050513 0.039003 0.997962 -0.274559 0.000000 0.000000 0.000000 1.000000
0.998462 0.020920 -0.051343 -0.152639 -0.022862 0.999034 -0.037540 94.519928 0.050508 0.038656 0.997975 -0.026669 0.000000 0.000000 0.000000 1.000000
0.998465 0.020823 -0.051332 -0.148817 -0.022752 0.999046 -0.037281 94.539375 0.050507 0.038392 0.997986 0.172009 0.000000 0.000000 0.000000 1.000000
0.998464 0.020839 -0.051333 -0.145752 -0.022757 0.999053 -0.037079 94.549286 0.050512 0.038190 0.997993 0.326167 0.000000 0.000000 0.000000 1.000000
0.998461 0.020945 -0.051352 -0.143533 -0.022857 0.999056 -0.036929 94.550720 0.050530 0.038046 0.997998 0.439426 0.000000 0.000000 0.000000 1.000000
0.998456 0.021108 -0.051390 -0.142222 -0.023017 0.999056 -0.036852 94.545692 0.050563 0.037978 0.997999 0.514633 0.000000 0.000000 0.000000 1.000000
0.998449 0.021299 -0.051441 -0.141617 -0.023211 0.999051 -0.036843 94.535805 0.050608 0.037979 0.997996 0.558066 0.000000 0.000000 0.000000 1.000000
0.998441 0.021506 -0.051508 -0.141553 -0.023421 0.999046 -0.036866 94.523315 0.050666 0.038015 0.997992 0.579033 0.000000 0.000000 0.000000 1.000000
0.998431 0.021717 -0.051605 -0.141835 -0.023640 0.999037 -0.036951 94.509155 0.050752 0.038113 0.997984 0.578195 0.000000 0.000000 0.000000 1.000000
0.998421 0.021935 -0.051716 -0.142505 -0.023870 0.999027 -0.037083 94.493523 0.050853 0.038259 0.997973 0.559921 0.000000 0.000000 0.000000 1.000000
0.998410 0.022171 -0.051831 -0.143461 -0.024118 0.999015 -0.037246 94.479385 0.050954 0.038437 0.997961 0.528302 0.000000 0.000000 0.000000 1.000000
0.998399 0.022409 -0.051943 -0.144974 -0.024368 0.999004 -0.037390 94.469559 0.051053 0.038596 0.997950 0.489779 0.000000 0.000000 0.000000 1.000000
0.998388 0.022655 -0.052036 -0.146880 -0.024621 0.998994 -0.037473 94.464401 0.051135 0.038694 0.997942 0.448719 0.000000 0.000000 0.000000 1.000000
0.998379 0.022910 -0.052095 -0.148836 -0.024877 0.998989 -0.037433 94.464783 0.051185 0.038668 0.997940 0.415483 0.000000 0.000000 0.000000 1.000000
0.998373 0.023172 -0.052098 -0.150395 -0.025133 0.998988 -0.037292 94.458618 0.051181 0.038541 0.997945 0.351817 0.000000 0.000000 0.000000 1.000000
0.998370 0.023454 -0.052037 -0.151417 -0.025397 0.998993 -0.036998 94.447693 0.051117 0.038259 0.997960 0.268426 0.000000 0.000000 0.000000 1.000000
0.998373 0.023738 -0.051848 -0.152439 -0.025656 0.998999 -0.036652 94.423431 0.050926 0.037923 0.997982 0.166801 0.000000 0.000000 0.000000 1.000000
0.998378 0.024128 -0.051571 -0.153460 -0.026018 0.999002 -0.036304 94.385521 0.050644 0.037587 0.998009 0.052835 0.000000 0.000000 0.000000 1.000000
0.998382 0.024531 -0.051293 -0.154365 -0.026398 0.999002 -0.036040 94.344887 0.050358 0.037336 0.998033 -0.042314 0.000000 0.000000 0.000000 1.000000
0.998386 0.024878 -0.051047 -0.154379 -0.026725 0.999000 -0.035837 94.300529 0.050104 0.037143 0.998053 -0.096318 0.000000 0.000000 0.000000 1.000000
0.998390 0.025117 -0.050861 -0.153568 -0.026950 0.998999 -0.035690 94.259125 0.049914 0.037003 0.998068 -0.107156 0.000000 0.000000 0.000000 1.000000
0.998392 0.025289 -0.050737 -0.152101 -0.027112 0.999000 -0.035552 94.217155 0.049787 0.036871 0.998079 -0.088600 0.000000 0.000000 0.000000 1.000000
0.998393 0.025417 -0.050655 -0.150498 -0.027231 0.999001 -0.035441 94.176811 0.049703 0.036763 0.998087 -0.054609 0.000000 0.000000 0.000000 1.000000
0.998394 0.025493 -0.050597 -0.149117 -0.027304 0.998999 -0.035428 94.141212 0.049643 0.036753 0.998091 -0.017522 0.000000 0.000000 0.000000 1.000000
0.998396 0.025557 -0.050521 -0.148047 -0.027368 0.998996 -0.035478 94.109650 0.049564 0.036803 0.998093 0.008966 0.000000 0.000000 0.000000 1.000000
0.998400 0.025623 -0.050414 -0.147381 -0.027433 0.998991 -0.035551 94.084602 0.049453 0.036878 0.998095 0.026092 0.000000 0.000000 0.000000 1.000000
0.998404 0.025705 -0.050288 -0.147166 -0.027516 0.998986 -0.035646 94.065491 0.049321 0.036973 0.998098 0.035204 0.000000 0.000000 0.000000 1.000000
0.998408 0.025814 -0.050156 -0.147256 -0.027626 0.998978 -0.035774 94.049431 0.049181 0.037103 0.998100 0.030067 0.000000 0.000000 0.000000 1.000000
0.998412 0.025922 -0.050022 -0.147450 -0.027735 0.998970 -0.035905 94.036102 0.049039 0.037235 0.998103 0.010524 0.000000 0.000000 0.000000 1.000000
0.998415 0.026017 -0.049910 -0.147618 -0.027833 0.998963 -0.036040 94.025566 0.048921 0.037372 0.998103 -0.019243 0.000000 0.000000 0.000000 1.000000
0.998417 0.026107 -0.049824 -0.147681 -0.027927 0.998955 -0.036179 94.015854 0.048827 0.037513 0.998103 -0.055414 0.000000 0.000000 0.000000 1.000000
0.998417 0.026199 -0.049761 -0.147575 -0.028023 0.998947 -0.036322 94.003731 0.048757 0.037659 0.998100 -0.096280 0.000000 0.000000 0.000000 1.000000
0.998416 0.026311 -0.049730 -0.147511 -0.028140 0.998940 -0.036440 93.988411 0.048718 0.037782 0.998098 -0.140532 0.000000 0.000000 0.000000 1.000000
0.998413 0.026442 -0.049720 -0.147454 -0.028275 0.998932 -0.036530 93.971550 0.048701 0.037878 0.998095 -0.187078 0.000000 0.000000 0.000000 1.000000
0.998409 0.026579 -0.049727 -0.147442 -0.028416 0.998926 -0.036598 93.953102 0.048700 0.037953 0.998092 -0.238699 0.000000 0.000000 0.000000 1.000000
0.998405 0.026693 -0.049741 -0.147560 -0.028529 0.998923 -0.036588 93.934097 0.048710 0.037949 0.998092 -0.291644 0.000000 0.000000 0.000000 1.000000
0.998402 0.026772 -0.049765 -0.147578 -0.028607 0.998923 -0.036539 93.919853 0.048733 0.037904 0.998092 -0.344758 0.000000 0.000000 0.000000 1.000000
0.998399 0.026810 -0.049800 -0.147361 -0.028642 0.998925 -0.036445 93.911240 0.048770 0.037813 0.998094 -0.394436 0.000000 0.000000 0.000000 1.000000
0.998398 0.026787 -0.049844 -0.146542 -0.028613 0.998932 -0.036288 93.909706 0.048819 0.037656 0.998098 -0.438471 0.000000 0.000000 0.000000 1.000000
0.998397 0.026720 -0.049898 -0.145065 -0.028538 0.998942 -0.036067 93.910843 0.048881 0.037433 0.998103 -0.478801 0.000000 0.000000 0.000000 1.000000
0.998397 0.026600 -0.049967 -0.143250 -0.028405 0.998956 -0.035767 93.916023 0.048964 0.037129 0.998110 -0.510989 0.000000 0.000000 0.000000 1.000000
0.998396 0.026481 -0.050043 -0.141355 -0.028276 0.998969 -0.035507 93.922340 0.049051 0.036865 0.998116 -0.544342 0.000000 0.000000 0.000000 1.000000
0.998394 0.026379 -0.050127 -0.139757 -0.028168 0.998979 -0.035332 93.928230 0.049144 0.036687 0.998118 -0.585427 0.000000 0.000000 0.000000 1.000000
0.998392 0.026279 -0.050221 -0.138729 -0.028068 0.998984 -0.035253 93.937042 0.049244 0.036606 0.998116 -0.635226 0.000000 0.000000 0.000000 1.000000
0.998390 0.026161 -0.050322 -0.138234 -0.027954 0.998987 -0.035267 93.955048 0.049349 0.036617 0.998110 -0.693231 0.000000 0.000000 0.000000 1.000000
0.998388 0.026048 -0.050429 -0.138217 -0.027850 0.998986 -0.035364 93.977043 0.049457 0.036712 0.998101 -0.757348 0.000000 0.000000 0.000000 1.000000
0.998385 0.025950 -0.050538 -0.138462 -0.027763 0.998983 -0.035517 93.998306 0.049565 0.036862 0.998090 -0.825699 0.000000 0.000000 0.000000 1.000000
0.998381 0.025873 -0.050648 -0.138672 -0.027700 0.998978 -0.035707 94.015152 0.049673 0.037052 0.998078 -0.897675 0.000000 0.000000 0.000000 1.000000
0.998377 0.025812 -0.050767 -0.138703 -0.027653 0.998973 -0.035906 94.025780 0.049788 0.037251 0.998065 -0.971799 0.000000 0.000000 0.000000 1.000000
0.998371 0.025769 -0.050901 -0.138488 -0.027625 0.998966 -0.036105 94.029419 0.049918 0.037452 0.998051 -1.048918 0.000000 0.000000 0.000000 1.000000
0.998364 0.025749 -0.051049 -0.137888 -0.027618 0.998961 -0.036264 94.029343 0.050062 0.037614 0.998038 -1.122096 0.000000 0.000000 0.000000 1.000000
0.998356 0.025730 -0.051216 -0.136706 -0.027614 0.998955 -0.036423 94.024750 0.050225 0.037777 0.998023 -1.195280 0.000000 0.000000 0.000000 1.000000
0.998347 0.025682 -0.051411 -0.134754 -0.027586 0.998947 -0.036656 94.011627 0.050415 0.038014 0.998005 -1.279613 0.000000 0.000000 0.000000 1.000000
0.998339 0.025606 -0.051610 -0.132225 -0.027531 0.998938 -0.036945 93.994057 0.050609 0.038304 0.997984 -1.366757 0.000000 0.000000 0.000000 1.000000
0.998331 0.025519 -0.051802 -0.129607 -0.027466 0.998929 -0.037242 93.975159 0.050796 0.038603 0.997963 -1.449099 0.000000 0.000000 0.000000 1.000000
0.998324 0.025436 -0.051982 -0.127242 -0.027405 0.998920 -0.037532 93.955177 0.050972 0.038894 0.997942 -1.524741 0.000000 0.000000 0.000000 1.000000
0.998317 0.025375 -0.052142 -0.125183 -0.027366 0.998910 -0.037821 93.931465 0.051125 0.039184 0.997923 -1.596090 0.000000 0.000000 0.000000 1.000000
0.998311 0.025348 -0.052279 -0.123436 -0.027358 0.998899 -0.038100 93.904747 0.051256 0.039466 0.997905 -1.662056 0.000000 0.000000 0.000000 1.000000
0.998305 0.025333 -0.052387 -0.122107 -0.027360 0.998890 -0.038355 93.872246 0.051358 0.039724 0.997890 -1.723115 0.000000 0.000000 0.000000 1.000000
0.998300 0.025383 -0.052466 -0.121038 -0.027431 0.998875 -0.038674 93.833466 0.051425 0.040048 0.997874 -1.786687 0.000000 0.000000 0.000000 1.000000
0.998295 0.025464 -0.052526 -0.120341 -0.027531 0.998859 -0.039011 93.794411 0.051473 0.040391 0.997857 -1.843376 0.000000 0.000000 0.000000 1.000000
0.998290 0.025560 -0.052571 -0.119836 -0.027646 0.998843 -0.039344 93.757057 0.051504 0.040731 0.997842 -1.891290 0.000000 0.000000 0.000000 1.000000
0.998286 0.025665 -0.052605 -0.119409 -0.027769 0.998827 -0.039662 93.722427 0.051525 0.041055 0.997827 -1.928830 0.000000 0.000000 0.000000 1.000000
0.998282 0.025769 -0.052630 -0.119020 -0.027888 0.998813 -0.039943 93.690971 0.051539 0.041342 0.997815 -1.954687 0.000000 0.000000 0.000000 1.000000
0.998278 0.025868 -0.052651 -0.118605 -0.028001 0.998800 -0.040174 93.662735 0.051548 0.041579 0.997805 -1.969048 0.000000 0.000000 0.000000 1.000000
0.998275 0.025951 -0.052670 -0.118043 -0.028093 0.998790 -0.040353 93.639320 0.051559 0.041763 0.997796 -1.971173 0.000000 0.000000 0.000000 1.000000
0.998272 0.026017 -0.052692 -0.117381 -0.028167 0.998783 -0.040496 93.620163 0.051574 0.041910 0.997789 -1.961579 0.000000 0.000000 0.000000 1.000000
0.998269 0.026073 -0.052717 -0.116786 -0.028231 0.998775 -0.040631 93.605232 0.051593 0.042049 0.997783 -1.942199 0.000000 0.000000 0.000000 1.000000
0.998267 0.026131 -0.052736 -0.116260 -0.028299 0.998767 -0.040786 93.594070 0.051605 0.042208 0.997775 -1.913932 0.000000 0.000000 0.000000 1.000000
0.998265 0.026173 -0.052750 -0.115857 -0.028351 0.998758 -0.040971 93.587822 0.051613 0.042395 0.997767 -1.876434 0.000000 0.000000 0.000000 1.000000
0.998264 0.026184 -0.052765 -0.115646 -0.028371 0.998751 -0.041135 93.586922 0.051622 0.042560 0.997759 -1.826565 0.000000 0.000000 0.000000 1.000000
0.998264 0.026149 -0.052771 -0.115861 -0.028342 0.998747 -0.041243 93.596237 0.051626 0.042667 0.997755 -1.760540 0.000000 0.000000 0.000000 1.000000
0.998266 0.026100 -0.052765 -0.116400 -0.028296 0.998746 -0.041309 93.612953 0.051620 0.042731 0.997752 -1.679563 0.000000 0.000000 0.000000 1.000000
0.998269 0.026001 -0.052749 -0.117049 -0.028197 0.998748 -0.041326 93.638954 0.051609 0.042741 0.997752 -1.585740 0.000000 0.000000 0.000000 1.000000
0.998273 0.025890 -0.052731 -0.117583 -0.028083 0.998753 -0.041283 93.667168 0.051597 0.042692 0.997755 -1.478148 0.000000 0.000000 0.000000 1.000000
0.998276 0.025816 -0.052719 -0.117531 -0.028003 0.998759 -0.041177 93.693626 0.051590 0.042583 0.997760 -1.356371 0.000000 0.000000 0.000000 1.000000
0.998278 0.025748 -0.052708 -0.117571 -0.027926 0.998768 -0.041012 93.720566 0.051588 0.042414 0.997767 -1.221261 0.000000 0.000000 0.000000 1.000000
0.998280 0.025680 -0.052694 -0.117943 -0.027846 0.998779 -0.040797 93.746605 0.051582 0.042194 0.997777 -1.074951 0.000000 0.000000 0.000000 1.000000
0.998284 0.025607 -0.052669 -0.118544 -0.027760 0.998791 -0.040558 93.770622 0.051566 0.041950 0.997788 -0.918062 0.000000 0.000000 0.000000 1.000000
0.998288 0.025525 -0.052625 -0.119414 -0.027663 0.998804 -0.040314 93.791359 0.051533 0.041701 0.997800 -0.750433 0.000000 0.000000 0.000000 1.000000
0.998294 0.025444 -0.052557 -0.120510 -0.027567 0.998817 -0.040057 93.806023 0.051476 0.041437 0.997814 -0.572954 0.000000 0.000000 0.000000 1.000000
0.998300 0.025376 -0.052470 -0.121890 -0.027481 0.998831 -0.039779 93.816917 0.051399 0.041153 0.997830 -0.387196 0.000000 0.000000 0.000000 1.000000
0.998309 0.025223 -0.052375 -0.123859 -0.027299 0.998855 -0.039295 93.829506 0.051324 0.040658 0.997854 -0.269395 0.000000 0.000000 0.000000 1.000000
0.998318 0.025015 -0.052292 -0.126359 -0.027053 0.998887 -0.038642 93.843857 0.051267 0.039992 0.997884 -0.241640 0.000000 0.000000 0.000000 1.000000
0.998327 0.024829 -0.052221 -0.129812 -0.026832 0.998917 -0.038017 93.858986 0.051220 0.039354 0.997912 -0.237293 0.000000 0.000000 0.000000 1.000000
0.998334 0.024661 -0.052168 -0.134823 -0.026631 0.998945 -0.037410 93.875725 0.051191 0.038737 0.997937 -0.256722 0.000000 0.000000 0.000000 1.000000
0.998339 0.024505 -0.052139 -0.141054 -0.026444 0.998972 -0.036831 93.893188 0.051183 0.038149 0.997960 -0.302566 0.000000 0.000000 0.000000 1.000000
0.998343 0.024355 -0.052133 -0.147575 -0.026266 0.998996 -0.036293 93.910126 0.051197 0.037602 0.997980 -0.378095 0.000000 0.000000 0.000000 1.000000
0.998346 0.024199 -0.052149 -0.153791 -0.026086 0.999018 -0.035802 93.923523 0.051231 0.037103 0.997997 -0.485253 0.000000 0.000000 0.000000 1.000000
0.998348 0.024029 -0.052182 -0.159672 -0.025894 0.999039 -0.035370 93.931610 0.051282 0.036663 0.998011 -0.622121 0.000000 0.000000 0.000000 1.000000</float_array><technique_common><accessor source="#Zombie_Hips-Matrix-animation-output-transform-array" count="121" stride="16"><param type="float4x4"/></accessor></technique_common></source><source id="Zombie_Hips-Interpolations"><Name_array id="Zombie_Hips-Interpolations-array" count="121">
 LINEAR LINEAR LINEAR LINEAR LINEAR LINEAR LINEAR LINEAR LINEAR LINEAR LINEAR
LINEAR LINEAR LINEAR LINEAR LINEAR LINEAR LINEAR LINEAR LINEAR LINEAR LINEAR LINEAR
LINEAR LINEAR LINEAR LINEAR LINEAR LINEAR LINEAR LINEAR LINEAR LINEAR LINEAR LINEAR
LINEAR LINEAR LINEAR LINEAR LINEAR LINEAR LINEAR LINEAR LINEAR LINEAR LINEAR LINEAR
LINEAR LINEAR LINEAR LINEAR LINEAR LINEAR LINEAR LINEAR LINEAR LINEAR LINEAR LINEAR
LINEAR LINEAR LINEAR LINEAR LINEAR LINEAR LINEAR LINEAR LINEAR LINEAR LINEAR LINEAR
LINEAR LINEAR LINEAR LINEAR LINEAR LINEAR LINEAR LINEAR LINEAR LINEAR LINEAR LINEAR
LINEAR LINEAR LINEAR LINEAR LINEAR LINEAR LINEAR LINEAR LINEAR LINEAR LINEAR LINEAR
LINEAR LINEAR LINEAR LINEAR LINEAR LINEAR LINEAR LINEAR LINEAR LINEAR LINEAR LINEAR
LINEAR LINEAR LINEAR LINEAR LINEAR LINEAR LINEAR LINEAR LINEAR LINEAR LINEAR LINEAR
LINEAR LINEAR</Name_array><technique_common><accessor source="#Zombie_Hips-Interpolations-array" count="121"><param type="name"/></accessor></technique_common></source><sampler id="Zombie_Hips-Matrix-animation-transform"><input semantic="INPUT" source="#Zombie_Hips-Matrix-animation-input"/><input semantic="OUTPUT" source="#Zombie_Hips-Matrix-animation-output-transform"/><input semantic="INTERPOLATION" source="#Zombie_Hips-Interpolations"/></sampler><channel source="#Zombie_Hips-Matrix-animation-transform" target="Zombie_Hips/matrix"/></animation>
    <animation id="Zombie_Spine-anim" name="Zombie_Spine"><source id="Zombie_Spine-Matrix-animation-input"><float_array id="Zombie_Spine-Matrix-animation-input-array" count="121">

0.000000 0.033333 0.066667 0.100000 0.133333 0.166667 0.200000 0.233333 0.266667 0.300000 0.333333 0.366667 0.400000 0.433333 0.466667 0.500000
0.533333 0.566667 0.600000 0.633333 0.666667 0.700000 0.733333 0.766667 0.800000 0.833333 0.866667 0.900000 0.933333 0.966667 1.000000 1.033333
1.066667 1.100000 1.133333 1.166667 1.200000 1.233333 1.266667 1.300000 1.333333 1.366667 1.400000 1.433333 1.466667 1.500000 1.533333 1.566667
1.600000 1.633333 1.666667 1.700000 1.733333 1.766667 1.800000 1.833333 1.866667 1.900000 1.933333 1.966667 2.000000 2.033333 2.066667 2.100000
2.133333 2.166667 2.200000 2.233333 2.266667 2.300000 2.333333 2.366667 2.400000 2.433333 2.466667 2.500000 2.533333 2.566667 2.600000 2.633333
2.666667 2.700000 2.733333 2.766667 2.800000 2.833333 2.866667 2.900000 2.933333 2.966667 3.000000 3.033333 3.066667 3.100000 3.133333 3.166667
3.200000 3.233333 3.266667 3.300000 3.333333 3.366667 3.400000 3.433333 3.466667 3.500000 3.533333 3.566667 3.600000 3.633333 3.666667 3.700000
3.733333 3.766667 3.800000 3.833333 3.866667 3.900000 3.933333 3.966667 4.000000</float_array><technique_common><accessor source="#Zombie_Spine-Matrix-animation-input-array" count="121"><param name="TIME" type="float"/></accessor></technique_common></source><source id="Zombie_Spine-Matrix-animation-output-transform"><float_array id="Zombie_Spine-Matrix-animation-output-transform-array" count="1936">

0.999716 -0.020917 -0.011410 0.000000 0.019758 0.995410 -0.093643 9.226300 0.013316 0.093391 0.995540 1.577100 0.000000 0.000000 0.000000 1.000000
0.999702 -0.021377 -0.011807 0.000000 0.020179 0.995401 -0.093651 9.226300 0.013755 0.093385 0.995535 1.577100 0.000000 0.000000 0.000000 1.000000
0.999687 -0.021825 -0.012215 0.000000 0.020587 0.995393 -0.093644 9.226300 0.014203 0.093363 0.995531 1.577100 0.000000 0.000000 0.000000 1.000000
0.999673 -0.022256 -0.012626 0.000000 0.020978 0.995385 -0.093637 9.226300 0.014652 0.093342 0.995526 1.577100 0.000000 0.000000 0.000000 1.000000
0.999658 -0.022672 -0.013035 -0.000000 0.021354 0.995377 -0.093638 9.226300 0.015098 0.093328 0.995521 1.577100 0.000000 0.000000 0.000000 1.000000
0.999643 -0.023086 -0.013449 0.000000 0.021727 0.995369 -0.093640 9.226300 0.015548 0.093314 0.995515 1.577100 0.000000 0.000000 0.000000 1.000000
0.999628 -0.023488 -0.013860 0.000000 0.022089 0.995362 -0.093631 9.226300 0.015995 0.093290 0.995510 1.577100 0.000000 0.000000 0.000000 1.000000
0.999616 -0.023810 -0.014201 0.000000 0.022379 0.995357 -0.093612 9.226300 0.016364 0.093258 0.995508 1.577100 0.000000 0.000000 0.000000 1.000000
0.999610 -0.023947 -0.014384 0.000000 0.022498 0.995359 -0.093567 9.226300 0.016558 0.093207 0.995509 1.577100 0.000000 0.000000 0.000000 1.000000
0.999611 -0.023882 -0.014399 0.000000 0.022434 0.995366 -0.093504 9.226300 0.016565 0.093144 0.995515 1.577100 0.000000 0.000000 0.000000 1.000000
0.999616 -0.023707 -0.014323 0.000000 0.022267 0.995376 -0.093441 9.226300 0.016472 0.093086 0.995522 1.577100 0.000000 0.000000 0.000000 1.000000
0.999623 -0.023500 -0.014229 0.000000 0.022071 0.995387 -0.093371 9.226300 0.016357 0.093022 0.995530 1.577100 0.000000 0.000000 0.000000 1.000000
0.999628 -0.023298 -0.014147 0.000000 0.021879 0.995399 -0.093286 9.226300 0.016256 0.092942 0.995539 1.577100 0.000000 0.000000 0.000000 1.000000
0.999634 -0.023110 -0.014092 0.000000 0.021699 0.995413 -0.093176 9.226300 0.016180 0.092836 0.995550 1.577100 0.000000 0.000000 0.000000 1.000000
0.999638 -0.022926 -0.014046 0.000000 0.021522 0.995428 -0.093059 9.226300 0.016115 0.092723 0.995562 1.577100 0.000000 0.000000 0.000000 1.000000
0.999645 -0.022725 -0.013943 0.000000 0.021333 0.995443 -0.092944 9.226300 0.015991 0.092614 0.995574 1.577100 0.000000 0.000000 0.000000 1.000000
0.999653 -0.022495 -0.013704 0.000000 0.021128 0.995459 -0.092819 9.226300 0.015729 0.092497 0.995589 1.577100 0.000000 0.000000 0.000000 1.000000
0.999664 -0.022239 -0.013303 0.000000 0.020912 0.995472 -0.092723 9.226300 0.015305 0.092414 0.995603 1.577100 0.000000 0.000000 0.000000 1.000000
0.999678 -0.021937 -0.012771 0.000000 0.020660 0.995476 -0.092736 9.226300 0.014748 0.092442 0.995609 1.577100 0.000000 0.000000 0.000000 1.000000
0.999694 -0.021552 -0.012155 0.000000 0.020335 0.995491 -0.092654 9.226300 0.014097 0.092379 0.995624 1.577100 0.000000 0.000000 0.000000 1.000000
0.999711 -0.021066 -0.011542 0.000000 0.019909 0.995508 -0.092563 9.226300 0.013440 0.092306 0.995640 1.577100 0.000000 0.000000 0.000000 1.000000
0.999728 -0.020512 -0.011072 0.000000 0.019403 0.995538 -0.092343 9.226300 0.012917 0.092103 0.995666 1.577100 0.000000 0.000000 0.000000 1.000000
0.999743 -0.019916 -0.010829 0.000000 0.018836 0.995577 -0.092046 9.226300 0.012614 0.091818 0.995696 1.577100 0.000000 0.000000 0.000000 1.000000
0.999756 -0.019309 -0.010769 -0.000000 0.018241 0.995617 -0.091723 9.226300 0.012493 0.091504 0.995726 1.577100 0.000000 0.000000 0.000000 1.000000
0.999765 -0.018773 -0.010809 -0.000000 0.017709 0.995665 -0.091307 9.226300 0.012476 0.091094 0.995764 1.577100 0.000000 0.000000 0.000000 1.000000
0.999771 -0.018409 -0.010907 0.000000 0.017342 0.995710 -0.090888 9.226300 0.012534 0.090678 0.995801 1.577100 0.000000 0.000000 0.000000 1.000000
0.999772 -0.018260 -0.011030 0.000000 0.017186 0.995734 -0.090660 9.226300 0.012638 0.090450 0.995821 1.577100 0.000000 0.000000 0.000000 1.000000
0.999771 -0.018281 -0.011132 0.000000 0.017199 0.995743 -0.090555 9.226300 0.012740 0.090342 0.995829 1.577100 0.000000 0.000000 0.000000 1.000000
0.999769 -0.018360 -0.011178 0.000000 0.017274 0.995749 -0.090470 9.226300 0.012792 0.090256 0.995836 1.577100 0.000000 0.000000 0.000000 1.000000
0.999768 -0.018433 -0.011147 0.000000 0.017350 0.995751 -0.090441 9.226300 0.012767 0.090227 0.995839 1.577100 0.000000 0.000000 0.000000 1.000000
0.999769 -0.018468 -0.011038 0.000000 0.017395 0.995748 -0.090458 9.226300 0.012661 0.090245 0.995839 1.577100 0.000000 0.000000 0.000000 1.000000
0.999770 -0.018476 -0.010861 -0.000000 0.017418 0.995746 -0.090481 9.226300 0.012487 0.090271 0.995839 1.577100 0.000000 0.000000 0.000000 1.000000
0.999773 -0.018487 -0.010635 -0.000000 0.017449 0.995741 -0.090529 9.226300 0.012263 0.090323 0.995837 1.577100 0.000000 0.000000 0.000000 1.000000
0.999775 -0.018518 -0.010381 0.000000 0.017502 0.995729 -0.090648 9.226300 0.012015 0.090446 0.995829 1.577100 0.000000 0.000000 0.000000 1.000000
0.999777 -0.018557 -0.010127 0.000000 0.017561 0.995708 -0.090868 9.226300 0.011770 0.090669 0.995811 1.577100 0.000000 0.000000 0.000000 1.000000
0.999778 -0.018579 -0.009898 0.000000 0.017601 0.995681 -0.091155 9.226300 0.011548 0.090960 0.995788 1.577100 0.000000 0.000000 0.000000 1.000000
0.999780 -0.018570 -0.009704 0.000000 0.017606 0.995652 -0.091468 9.226300 0.011360 0.091277 0.995761 1.577100 0.000000 0.000000 0.000000 1.000000
0.999782 -0.018542 -0.009552 0.000000 0.017588 0.995625 -0.091771 9.226300 0.011212 0.091583 0.995734 1.577100 0.000000 0.000000 0.000000 1.000000
0.999784 -0.018521 -0.009446 0.000000 0.017574 0.995598 -0.092066 9.226300 0.011109 0.091880 0.995708 1.577100 0.000000 0.000000 0.000000 1.000000
0.999784 -0.018523 -0.009374 0.000000 0.017579 0.995573 -0.092328 9.226300 0.011043 0.092144 0.995684 1.577100 0.000000 0.000000 0.000000 1.000000
0.999785 -0.018532 -0.009322 0.000000 0.017591 0.995552 -0.092555 9.226300 0.010996 0.092371 0.995664 1.577100 0.000000 0.000000 0.000000 1.000000
0.999785 -0.018519 -0.009288 -0.000000 0.017579 0.995534 -0.092753 9.226300 0.010964 0.092569 0.995646 1.577100 0.000000 0.000000 0.000000 1.000000
0.999786 -0.018466 -0.009290 0.000000 0.017523 0.995518 -0.092932 9.226300 0.010964 0.092749 0.995629 1.577100 0.000000 0.000000 0.000000 1.000000
0.999787 -0.018381 -0.009360 0.000000 0.017431 0.995505 -0.093091 9.226300 0.011029 0.092908 0.995614 1.577100 0.000000 0.000000 0.000000 1.000000
0.999787 -0.018298 -0.009530 0.000000 0.017331 0.995492 -0.093246 9.226300 0.011194 0.093061 0.995598 1.577100 0.000000 0.000000 0.000000 1.000000
0.999785 -0.018265 -0.009828 -0.000000 0.017268 0.995476 -0.093429 9.226300 0.011490 0.093239 0.995577 1.577100 0.000000 0.000000 0.000000 1.000000
0.999779 -0.018325 -0.010261 -0.000000 0.017284 0.995453 -0.093668 9.226300 0.011931 0.093470 0.995551 1.577100 0.000000 0.000000 0.000000 1.000000
0.999770 -0.018513 -0.010793 0.000000 0.017419 0.995430 -0.093894 9.226300 0.012482 0.093684 0.995524 1.577100 0.000000 0.000000 0.000000 1.000000
0.999759 -0.018813 -0.011340 0.000000 0.017664 0.995404 -0.094124 9.226300 0.013059 0.093901 0.995496 1.577100 0.000000 0.000000 0.000000 1.000000
0.999747 -0.019167 -0.011805 0.000000 0.017969 0.995378 -0.094338 9.226300 0.013559 0.094101 0.995470 1.577100 0.000000 0.000000 0.000000 1.000000
0.999736 -0.019504 -0.012128 0.000000 0.018272 0.995355 -0.094523 9.226300 0.013915 0.094276 0.995449 1.577100 0.000000 0.000000 0.000000 1.000000
0.999729 -0.019783 -0.012295 0.000000 0.018531 0.995334 -0.094695 9.226300 0.014111 0.094441 0.995430 1.577100 0.000000 0.000000 0.000000 1.000000
0.999724 -0.020016 -0.012317 0.000000 0.018759 0.995313 -0.094874 9.226300 0.014158 0.094616 0.995413 1.577100 0.000000 0.000000 0.000000 1.000000
0.999721 -0.020223 -0.012219 0.000000 0.018972 0.995293 -0.095037 9.226300 0.014083 0.094779 0.995399 1.577100 0.000000 0.000000 0.000000 1.000000
0.999719 -0.020427 -0.012039 0.000000 0.019190 0.995278 -0.095152 9.226300 0.013926 0.094894 0.995390 1.577100 0.000000 0.000000 0.000000 1.000000
0.999717 -0.020637 -0.011822 0.000000 0.019419 0.995265 -0.095240 9.226300 0.013732 0.094984 0.995384 1.577100 0.000000 0.000000 0.000000 1.000000
0.999715 -0.020847 -0.011605 0.000000 0.019647 0.995254 -0.095302 9.226300 0.013536 0.095047 0.995381 1.577100 0.000000 0.000000 0.000000 1.000000
0.999714 -0.021039 -0.011405 0.000000 0.019857 0.995247 -0.095336 9.226300 0.013357 0.095083 0.995380 1.577100 0.000000 0.000000 0.000000 1.000000
0.999712 -0.021200 -0.011229 0.000000 0.020035 0.995242 -0.095347 9.226300 0.013197 0.095095 0.995381 1.577100 0.000000 0.000000 0.000000 1.000000
0.999711 -0.021330 -0.011080 -0.000000 0.020178 0.995240 -0.095345 9.226300 0.013061 0.095094 0.995383 1.577100 0.000000 0.000000 0.000000 1.000000
0.999710 -0.021440 -0.010966 0.000000 0.020298 0.995240 -0.095321 9.226300 0.012957 0.095071 0.995386 1.577100 0.000000 0.000000 0.000000 1.000000
0.999709 -0.021536 -0.010885 0.000000 0.020402 0.995240 -0.095293 9.226300 0.012885 0.095044 0.995390 1.577100 0.000000 0.000000 0.000000 1.000000
0.999708 -0.021625 -0.010820 0.000000 0.020498 0.995241 -0.095267 9.226300 0.012828 0.095017 0.995393 1.577100 0.000000 0.000000 0.000000 1.000000
0.999707 -0.021705 -0.010759 -0.000000 0.020582 0.995240 -0.095256 9.226300 0.012775 0.095007 0.995395 1.577100 0.000000 0.000000 0.000000 1.000000
0.999706 -0.021770 -0.010710 0.000000 0.020652 0.995238 -0.095266 9.226300 0.012733 0.095017 0.995394 1.577100 0.000000 0.000000 0.000000 1.000000
0.999705 -0.021817 -0.010692 0.000000 0.020700 0.995234 -0.095295 9.226300 0.012720 0.095045 0.995392 1.577100 0.000000 0.000000 0.000000 1.000000
0.999704 -0.021837 -0.010710 0.000000 0.020717 0.995227 -0.095358 9.226300 0.012741 0.095108 0.995385 1.577100 0.000000 0.000000 0.000000 1.000000
0.999704 -0.021818 -0.010749 0.000000 0.020694 0.995221 -0.095431 9.226300 0.012780 0.095181 0.995378 1.577100 0.000000 0.000000 0.000000 1.000000
0.999705 -0.021746 -0.010785 0.000000 0.020618 0.995214 -0.095518 9.226300 0.012811 0.095268 0.995369 1.577100 0.000000 0.000000 0.000000 1.000000
0.999708 -0.021605 -0.010801 -0.000000 0.020475 0.995207 -0.095628 9.226300 0.012816 0.095379 0.995359 1.577100 0.000000 0.000000 0.000000 1.000000
0.999713 -0.021411 -0.010791 0.000000 0.020281 0.995197 -0.095767 9.226300 0.012790 0.095521 0.995345 1.577100 0.000000 0.000000 0.000000 1.000000
0.999718 -0.021188 -0.010757 0.000000 0.020060 0.995184 -0.095945 9.226300 0.012738 0.095702 0.995329 1.577100 0.000000 0.000000 0.000000 1.000000
0.999723 -0.020965 -0.010702 -0.000000 0.019841 0.995174 -0.096104 9.226300 0.012665 0.095865 0.995314 1.577100 0.000000 0.000000 0.000000 1.000000
0.999728 -0.020755 -0.010633 0.000000 0.019637 0.995166 -0.096228 9.226300 0.012579 0.095993 0.995303 1.577100 0.000000 0.000000 0.000000 1.000000
0.999733 -0.020537 -0.010554 0.000000 0.019427 0.995161 -0.096315 9.226300 0.012481 0.096085 0.995295 1.577100 0.000000 0.000000 0.000000 1.000000
0.999739 -0.020290 -0.010464 0.000000 0.019189 0.995161 -0.096368 9.226300 0.012369 0.096142 0.995291 1.577100 0.000000 0.000000 0.000000 1.000000
0.999746 -0.020019 -0.010364 -0.000000 0.018928 0.995164 -0.096389 9.226300 0.012243 0.096169 0.995290 1.577100 0.000000 0.000000 0.000000 1.000000
0.999752 -0.019754 -0.010260 -0.000000 0.018674 0.995168 -0.096393 9.226300 0.012114 0.096178 0.995290 1.577100 0.000000 0.000000 0.000000 1.000000
0.999758 -0.019520 -0.010163 0.000000 0.018451 0.995172 -0.096398 9.226300 0.011995 0.096187 0.995291 1.577100 0.000000 0.000000 0.000000 1.000000
0.999762 -0.019326 -0.010075 -0.000000 0.018265 0.995173 -0.096421 9.226300 0.011890 0.096214 0.995290 1.577100 0.000000 0.000000 0.000000 1.000000
0.999767 -0.019158 -0.009992 0.000000 0.018106 0.995172 -0.096459 9.226300 0.011791 0.096255 0.995287 1.577100 0.000000 0.000000 0.000000 1.000000
0.999771 -0.018996 -0.009904 0.000000 0.017953 0.995169 -0.096518 9.226300 0.011690 0.096318 0.995282 1.577100 0.000000 0.000000 0.000000 1.000000
0.999774 -0.018837 -0.009810 0.000000 0.017803 0.995167 -0.096572 9.226300 0.011581 0.096376 0.995278 1.577100 0.000000 0.000000 0.000000 1.000000
0.999778 -0.018684 -0.009714 -0.000000 0.017660 0.995168 -0.096590 9.226300 0.011472 0.096397 0.995277 1.577100 0.000000 0.000000 0.000000 1.000000
0.999782 -0.018535 -0.009627 0.000000 0.017519 0.995172 -0.096572 9.226300 0.011370 0.096382 0.995279 1.577100 0.000000 0.000000 0.000000 1.000000
0.999785 -0.018385 -0.009555 0.000000 0.017378 0.995178 -0.096529 9.226300 0.011283 0.096343 0.995284 1.577100 0.000000 0.000000 0.000000 1.000000
0.999789 -0.018237 -0.009496 0.000000 0.017236 0.995187 -0.096470 9.226300 0.011209 0.096285 0.995291 1.577100 0.000000 0.000000 0.000000 1.000000
0.999792 -0.018097 -0.009450 0.000000 0.017102 0.995196 -0.096394 9.226300 0.011149 0.096212 0.995298 1.577100 0.000000 0.000000 0.000000 1.000000
0.999794 -0.017978 -0.009423 0.000000 0.016988 0.995207 -0.096304 9.226300 0.011109 0.096124 0.995307 1.577100 0.000000 0.000000 0.000000 1.000000
0.999796 -0.017892 -0.009415 -0.000000 0.016904 0.995217 -0.096214 9.226300 0.011091 0.096035 0.995316 1.577100 0.000000 0.000000 0.000000 1.000000
0.999796 -0.017849 -0.009419 0.000000 0.016862 0.995230 -0.096083 9.226300 0.011089 0.095905 0.995329 1.577100 0.000000 0.000000 0.000000 1.000000
0.999796 -0.017847 -0.009425 0.000000 0.016861 0.995244 -0.095940 9.226300 0.011092 0.095762 0.995342 1.577100 0.000000 0.000000 0.000000 1.000000
0.999796 -0.017880 -0.009429 -0.000000 0.016896 0.995259 -0.095785 9.226300 0.011097 0.095606 0.995357 1.577100 0.000000 0.000000 0.000000 1.000000
0.999794 -0.017949 -0.009435 -0.000000 0.016965 0.995273 -0.095624 9.226300 0.011107 0.095445 0.995373 1.577100 0.000000 0.000000 0.000000 1.000000
0.999793 -0.018047 -0.009445 0.000000 0.017063 0.995286 -0.095469 9.226300 0.011123 0.095288 0.995388 1.577100 0.000000 0.000000 0.000000 1.000000
0.999790 -0.018159 -0.009456 0.000000 0.017176 0.995298 -0.095328 9.226300 0.011143 0.095146 0.995401 1.577100 0.000000 0.000000 0.000000 1.000000
0.999788 -0.018264 -0.009464 -0.000000 0.017281 0.995308 -0.095204 9.226300 0.011159 0.095021 0.995413 1.577100 0.000000 0.000000 0.000000 1.000000
0.999787 -0.018346 -0.009469 0.000000 0.017363 0.995317 -0.095090 9.226300 0.011169 0.094905 0.995424 1.577100 0.000000 0.000000 0.000000 1.000000
0.999786 -0.018399 -0.009473 0.000000 0.017417 0.995328 -0.094972 9.226300 0.011177 0.094787 0.995435 1.577100 0.000000 0.000000 0.000000 1.000000
0.999785 -0.018420 -0.009482 0.000000 0.017438 0.995341 -0.094830 9.226300 0.011184 0.094644 0.995448 1.577100 0.000000 0.000000 0.000000 1.000000
0.999786 -0.018399 -0.009494 0.000000 0.017418 0.995357 -0.094658 9.226300 0.011192 0.094473 0.995465 1.577100 0.000000 0.000000 0.000000 1.000000
0.999787 -0.018337 -0.009508 0.000000 0.017357 0.995375 -0.094480 9.226300 0.011196 0.094295 0.995481 1.577100 0.000000 0.000000 0.000000 1.000000
0.999788 -0.018229 -0.009526 0.000000 0.017250 0.995393 -0.094312 9.226300 0.011201 0.094128 0.995497 1.577100 0.000000 0.000000 0.000000 1.000000
0.999791 -0.018092 -0.009550 0.000000 0.017114 0.995411 -0.094145 9.226300 0.011210 0.093961 0.995513 1.577100 0.000000 0.000000 0.000000 1.000000
0.999794 -0.017921 -0.009580 0.000000 0.016942 0.995429 -0.093985 9.226300 0.011220 0.093803 0.995528 1.577100 0.000000 0.000000 0.000000 1.000000
0.999796 -0.017743 -0.009602 -0.000000 0.016765 0.995447 -0.093834 9.226300 0.011223 0.093654 0.995542 1.577100 0.000000 0.000000 0.000000 1.000000
0.999799 -0.017616 -0.009603 0.000000 0.016640 0.995462 -0.093692 9.226300 0.011210 0.093513 0.995555 1.577100 0.000000 0.000000 0.000000 1.000000
0.999800 -0.017524 -0.009594 -0.000000 0.016551 0.995476 -0.093560 9.226300 0.011190 0.093382 0.995567 1.577100 0.000000 0.000000 0.000000 1.000000
0.999801 -0.017471 -0.009580 -0.000000 0.016500 0.995489 -0.093436 9.226300 0.011169 0.093259 0.995579 1.577100 0.000000 0.000000 0.000000 1.000000
0.999802 -0.017436 -0.009562 0.000000 0.016469 0.995501 -0.093309 9.226300 0.011146 0.093133 0.995591 1.577100 0.000000 0.000000 0.000000 1.000000
0.999803 -0.017392 -0.009532 0.000000 0.016429 0.995514 -0.093174 9.226300 0.011110 0.093000 0.995604 1.577100 0.000000 0.000000 0.000000 1.000000
0.999804 -0.017347 -0.009500 0.000000 0.016388 0.995527 -0.093040 9.226300 0.011071 0.092867 0.995617 1.577100 0.000000 0.000000 0.000000 1.000000
