<?xml version="1.0" encoding="utf-8"?>
<COLLADA xmlns="http://www.collada.org/2005/11/COLLADASchema" version="1.4.1">
  <asset><contributor><author>Mixamo</author><authoring_tool>COLLADA Mixamo exporter</authoring_tool><comments></comments></contributor><created>2018-12-15T18:46:07Z</created><modified>2018-12-15T18:46:07Z</modified><revision></revision><title></title><unit meter="0.010000"/><up_axis>Y_UP</up_axis></asset>
  <library_animations>
    <animation id="mixamorig_Hips-anim" name="mixamorig_Hips"><source id="mixamorig_Hips-Matrix-animation-input"><float_array id="mixamorig_Hips-Matrix-animation-input-array" count="41">

0.000000 0.033333 0.066667 0.100000 0.133333 0.166667 0.200000 0.233333 0.266667 0.300000 0.333333 0.366667 0.400000 0.433333 0.466667 0.500000
0.533333 0.566667 0.600000 0.633333 0.666667 0.700000 0.733333 0.766667 0.800000 0.833333 0.866667 0.900000 0.933333 0.966667 1.000000 1.033333
1.066667 1.100000 1.133333 1.166667 1.200000 1.233333 1.266667 1.300000 1.333333</float_array><technique_common><accessor source="#mixamorig_Hips-Matrix-animation-input-array" count="41"><param name="TIME" type="float"/></accessor></technique_common></source><source id="mixamorig_Hips-Matrix-animation-output-transform"><float_array id="mixamorig_Hips-Matrix-animation-output-transform-array" count="656">

0.999549 0.016649 0.025011 -0.866110 -0.017911 0.998533 0.051094 93.213364 -0.024124 -0.051519 0.998381 1.683071 0.000000 0.000000 0.000000 1.000000
0.998407 0.027113 0.049476 -0.277000 -0.029371 0.998532 0.045502 93.549919 -0.048170 -0.046883 0.997738 1.567723 0.000000 0.000000 0.000000 1.000000
0.996100 0.033780 0.081507 0.323788 -0.037348 0.998391 0.042658 94.081146 -0.079935 -0.045536 0.995759 1.407456 0.000000 0.000000 0.000000 1.000000
0.991809 0.038246 0.121868 0.951149 -0.043547 0.998204 0.041140 94.783112 -0.120076 -0.046110 0.991693 1.225113 0.000000 0.000000 0.000000 1.000000
0.985091 0.041848 0.166867 1.601768 -0.048926 0.998059 0.038534 95.562180 -0.164931 -0.046124 0.985226 1.005568 0.000000 0.000000 0.000000 1.000000
0.976678 0.044633 0.210020 2.240759 -0.052825 0.998040 0.033557 96.270790 -0.208110 -0.043868 0.977121 0.707876 0.000000 0.000000 0.000000 1.000000
0.968470 0.045491 0.244942 2.822337 -0.053824 0.998174 0.027430 96.751389 -0.243247 -0.039749 0.969150 0.339565 0.000000 0.000000 0.000000 1.000000
0.962795 0.042894 0.266807 3.305335 -0.050892 0.998436 0.023133 96.915878 -0.265397 -0.035850 0.963472 -0.020745 0.000000 0.000000 0.000000 1.000000
0.960999 0.036518 0.274129 3.659043 -0.044336 0.998766 0.022377 96.819321 -0.272974 -0.033658 0.961432 -0.283510 0.000000 0.000000 0.000000 1.000000
0.962653 0.029033 0.269178 3.849847 -0.036532 0.999070 0.022888 96.636070 -0.268263 -0.031867 0.962818 -0.403286 0.000000 0.000000 0.000000 1.000000
0.966680 0.024304 0.254830 3.850314 -0.030561 0.999320 0.020623 96.509201 -0.254155 -0.027724 0.966766 -0.357051 0.000000 0.000000 0.000000 1.000000
0.972593 0.022071 0.231464 3.641323 -0.026660 0.999505 0.016719 96.488983 -0.230980 -0.022432 0.972700 -0.109014 0.000000 0.000000 0.000000 1.000000
0.979925 0.018385 0.198519 3.223557 -0.022630 0.999561 0.019133 96.632339 -0.198080 -0.023241 0.979910 0.335007 0.000000 0.000000 0.000000 1.000000
0.987246 0.012633 0.158699 2.644653 -0.017904 0.999333 0.031833 97.062698 -0.158191 -0.034269 0.986814 0.879584 0.000000 0.000000 0.000000 1.000000
0.992749 0.009329 0.119840 1.994723 -0.014894 0.998848 0.045621 97.836983 -0.119276 -0.047075 0.991744 1.424298 0.000000 0.000000 0.000000 1.000000
0.995482 0.011507 0.094248 1.340138 -0.015985 0.998772 0.046898 98.800499 -0.093592 -0.048193 0.994444 1.946704 0.000000 0.000000 0.000000 1.000000
0.995304 0.018641 0.094988 0.701027 -0.021840 0.999225 0.032746 99.657036 -0.094304 -0.034667 0.994940 2.439158 0.000000 0.000000 0.000000 1.000000
0.991340 0.029099 0.128056 0.080026 -0.031045 0.999431 0.013224 100.201508 -0.127598 -0.017085 0.991679 2.833897 0.000000 0.000000 0.000000 1.000000
0.981902 0.038828 0.185369 -0.499565 -0.039608 0.999215 0.000508 100.405464 -0.185204 -0.007841 0.982669 3.063006 0.000000 0.000000 0.000000 1.000000
0.968551 0.039855 0.245602 -1.020529 -0.040815 0.999166 -0.001179 100.299591 -0.245444 -0.008883 0.969370 3.127980 0.000000 0.000000 0.000000 1.000000
0.958726 0.027316 0.283015 -1.502105 -0.029781 0.999547 0.004413 99.842087 -0.282766 -0.012660 0.959105 3.032907 0.000000 0.000000 0.000000 1.000000
0.959825 0.006791 0.280517 -1.958887 -0.010477 0.999877 0.011642 98.969688 -0.280403 -0.014113 0.959779 2.745077 0.000000 0.000000 0.000000 1.000000
0.969979 -0.011143 0.242932 -2.370743 0.006747 0.999798 0.018919 97.747459 -0.243093 -0.016712 0.969859 2.292696 0.000000 0.000000 0.000000 1.000000
0.980398 -0.021426 0.195858 -2.713664 0.016173 0.999466 0.028381 96.422363 -0.196362 -0.024657 0.980221 1.829686 0.000000 0.000000 0.000000 1.000000
0.985956 -0.025642 0.165023 -2.981791 0.019474 0.999054 0.038883 95.309425 -0.165864 -0.035123 0.985523 1.549950 0.000000 0.000000 0.000000 1.000000
0.987304 -0.025968 0.156704 -3.187799 0.018948 0.998756 0.046126 94.614960 -0.157706 -0.042572 0.986568 1.522026 0.000000 0.000000 0.000000 1.000000
0.986989 -0.023718 0.159029 -3.368412 0.016034 0.998649 0.049429 94.324799 -0.159986 -0.046236 0.986036 1.631731 0.000000 0.000000 0.000000 1.000000
0.987018 -0.020956 0.159238 -3.526355 0.012916 0.998597 0.051356 94.276848 -0.160091 -0.048633 0.985903 1.740119 0.000000 0.000000 0.000000 1.000000
0.987943 -0.019847 0.153542 -3.613349 0.011781 0.998511 0.053269 94.325974 -0.154370 -0.050818 0.986705 1.817574 0.000000 0.000000 0.000000 1.000000
0.989509 -0.020425 0.143021 -3.591483 0.012620 0.998392 0.055269 94.428337 -0.143920 -0.052884 0.988175 1.888542 0.000000 0.000000 0.000000 1.000000
0.991389 -0.020971 0.129262 -3.471324 0.013621 0.998253 0.057488 94.612747 -0.130242 -0.055233 0.989943 1.960628 0.000000 0.000000 0.000000 1.000000
0.993197 -0.020421 0.114640 -3.280252 0.013644 0.998129 0.059595 94.896378 -0.115643 -0.057625 0.991618 2.034873 0.000000 0.000000 0.000000 1.000000
0.994615 -0.019443 0.101798 -3.033046 0.013269 0.998051 0.060975 95.235207 -0.102785 -0.059296 0.992935 2.119845 0.000000 0.000000 0.000000 1.000000
0.995584 -0.018925 0.091942 -2.735254 0.013294 0.998020 0.061479 95.565735 -0.092924 -0.059985 0.993865 2.222827 0.000000 0.000000 0.000000 1.000000
0.996215 -0.019082 0.084802 -2.395362 0.013898 0.998023 0.061298 95.864296 -0.085804 -0.059887 0.994511 2.349916 0.000000 0.000000 0.000000 1.000000
0.996638 -0.019768 0.079513 -2.036812 0.014947 0.998040 0.060772 96.112442 -0.080558 -0.059379 0.994980 2.495254 0.000000 0.000000 0.000000 1.000000
0.997049 -0.019496 0.074257 -1.697695 0.015042 0.998080 0.060076 96.189384 -0.075286 -0.058782 0.995428 2.600151 0.000000 0.000000 0.000000 1.000000
0.997682 -0.015497 0.066254 -1.418304 0.011599 0.998201 0.058824 95.891495 -0.067046 -0.057920 0.996067 2.563571 0.000000 0.000000 0.000000 1.000000
0.998508 -0.006687 0.054203 -1.208755 0.003611 0.998388 0.056651 95.160820 -0.054495 -0.056371 0.996922 2.344804 0.000000 0.000000 0.000000 1.000000
0.999202 0.004978 0.039635 -1.038051 -0.007112 0.998522 0.053882 94.185661 -0.039308 -0.054121 0.997760 2.015842 0.000000 0.000000 0.000000 1.000000
0.999549 0.016649 0.025011 -0.866110 -0.017911 0.998533 0.051094 93.213379 -0.024124 -0.051519 0.998381 1.683068 0.000000 0.000000 0.000000 1.000000</float_array><technique_common><accessor source="#mixamorig_Hips-Matrix-animation-output-transform-array" count="41" stride="16"><param type="float4x4"/></accessor></technique_common></source><source id="mixamorig_Hips-Interpolations"><Name_array id="mixamorig_Hips-Interpolations-array" count="41">
 LINEAR LINEAR LINEAR LINEAR LINEAR LINEAR LINEAR LINEAR LINEAR LINEAR LINEAR
LINEAR LINEAR LINEAR LINEAR LINEAR LINEAR LINEAR LINEAR LINEAR LINEAR LINEAR LINEAR
LINEAR LINEAR LINEAR LINEAR LINEAR LINEAR LINEAR LINEAR LINEAR LINEAR LINEAR LINEAR
LINEAR LINEAR LINEAR LINEAR LINEAR LINEAR</Name_array><technique_common><accessor source="#mixamorig_Hips-Interpolations-array" count="41"><param type="name"/></accessor></technique_common></source><sampler id="mixamorig_Hips-Matrix-animation-transform"><input semantic="INPUT" source="#mixamorig_Hips-Matrix-animation-input"/><input semantic="OUTPUT" source="#mixamorig_Hips-Matrix-animation-output-transform"/><input semantic="INTERPOLATION" source="#mixamorig_Hips-Interpolations"/></sampler><channel source="#mixamorig_Hips-Matrix-animation-transform" target="mixamorig_Hips/matrix"/></animation>
    <animation id="mixamorig_Spine-anim" name="mixamorig_Spine"><source id="mixamorig_Spine-Matrix-animation-input"><float_array id="mixamorig_Spine-Matrix-animation-input-array" count="41">

0.000000 0.033333 0.066667 0.100000 0.133333 0.166667 0.200000 0.233333 0.266667 0.300000 0.333333 0.366667 0.400000 0.433333 0.466667 0.500000
0.533333 0.566667 0.600000 0.633333 0.666667 0.700000 0.733333 0.766667 0.800000 0.833333 0.866667 0.900000 0.933333 0.966667 1.000000 1.033333
1.066667 1.100000 1.133333 1.166667 1.200000 1.233333 1.266667 1.300000 1.333333</float_array><technique_common><accessor source="#mixamorig_Spine-Matrix-animation-input-array" count="41"><param name="TIME" type="float"/></accessor></technique_common></source><source id="mixamorig_Spine-Matrix-animation-output-transform"><float_array id="mixamorig_Spine-Matrix-animation-output-transform-array" count="656">

0.999931 0.001515 -0.011628 -0.038100 -0.001832 0.999624 -0.027352 9.490500 0.011582 0.027371 0.999558 -1.392100 0.000000 0.000000 0.000000 1.000000
0.999922 -0.006330 -0.010763 -0.038100 0.006036 0.999612 -0.027184 9.490500 0.010931 0.027116 0.999573 -1.392100 0.000000 0.000000 0.000000 1.000000
0.999890 -0.011513 -0.009326 -0.038100 0.011261 0.999582 -0.026634 9.490500 0.009629 0.026526 0.999602 -1.392100 0.000000 0.000000 0.000000 1.000000
0.999883 -0.013740 -0.006762 -0.038100 0.013563 0.999580 -0.025600 9.490500 0.007111 0.025505 0.999649 -1.392100 0.000000 0.000000 0.000000 1.000000
0.999903 -0.013722 -0.002558 -0.038100 0.013656 0.999615 -0.024136 9.490500 0.002888 0.024099 0.999705 -1.392100 0.000000 0.000000 0.000000 1.000000
0.999908 -0.013052 0.003574 -0.038100 0.013130 0.999659 -0.022572 9.490500 -0.003278 0.022617 0.999739 -1.392100 0.000000 0.000000 0.000000 1.000000
0.999849 -0.012744 0.011805 -0.038100 0.012995 0.999687 -0.021382 9.490500 -0.011529 0.021532 0.999702 -1.392100 0.000000 0.000000 0.000000 1.000000
0.999677 -0.012296 0.022226 -0.038100 0.012761 0.999701 -0.020877 9.490500 -0.021962 0.021154 0.999535 -1.392100 0.000000 0.000000 0.000000 1.000000
0.999354 -0.009900 0.034541 -0.038100 0.010629 0.999723 -0.020986 9.490500 -0.034323 0.021340 0.999183 -1.392100 0.000000 0.000000 0.000000 1.000000
0.998856 -0.003839 0.047667 -0.038100 0.004863 0.999759 -0.021385 9.490500 -0.047573 0.021592 0.998634 -1.392100 0.000000 0.000000 0.000000 1.000000
0.998193 0.005939 0.059792 -0.038100 -0.004643 0.999752 -0.021791 9.490500 -0.059907 0.021474 0.997973 -1.392100 0.000000 0.000000 0.000000 1.000000
0.997452 0.017859 0.069074 -0.038100 -0.016371 0.999623 -0.022042 9.490500 -0.069441 0.020855 0.997368 -1.392100 0.000000 0.000000 0.000000 1.000000
0.996787 0.029692 0.074396 -0.038100 -0.028137 0.999365 -0.021872 9.490500 -0.074999 0.019709 0.996989 -1.392100 0.000000 0.000000 0.000000 1.000000
0.996347 0.039832 0.075534 -0.038100 -0.038361 0.999047 -0.020826 9.490500 -0.076292 0.017852 0.996926 -1.392100 0.000000 0.000000 0.000000 1.000000
0.996221 0.047536 0.072695 -0.038100 -0.046304 0.998755 -0.018534 9.490500 -0.073486 0.015098 0.997182 -1.392100 0.000000 0.000000 0.000000 1.000000
0.996431 0.052548 0.066059 -0.038100 -0.051656 0.998550 -0.015141 9.490500 -0.066759 0.011675 0.997701 -1.392100 0.000000 0.000000 0.000000 1.000000
0.996994 0.053747 0.055811 -0.038100 -0.053191 0.998519 -0.011413 9.490500 -0.056342 0.008410 0.998376 -1.392100 0.000000 0.000000 0.000000 1.000000
0.997855 0.049706 0.042591 -0.038100 -0.049382 0.998743 -0.008626 9.490500 -0.042966 0.006504 0.999055 -1.392100 0.000000 0.000000 0.000000 1.000000
0.998764 0.041048 0.028026 -0.038100 -0.040834 0.999133 -0.008157 9.490500 -0.028337 0.007002 0.999574 -1.392100 0.000000 0.000000 0.000000 1.000000
0.999395 0.031485 0.014796 -0.038100 -0.031329 0.999452 -0.010653 9.490500 -0.015123 0.010183 0.999834 -1.392100 0.000000 0.000000 0.000000 1.000000
0.999656 0.025610 0.005743 -0.038100 -0.025519 0.999556 -0.015369 9.490500 -0.006134 0.015217 0.999865 -1.392100 0.000000 0.000000 0.000000 1.000000
0.999686 0.024954 0.002458 -0.038100 -0.024899 0.999479 -0.020548 9.490500 -0.002969 0.020481 0.999786 -1.392100 0.000000 0.000000 0.000000 1.000000
0.999633 0.026749 0.004385 -0.038100 -0.026633 0.999343 -0.024585 9.490500 -0.005040 0.024459 0.999688 -1.392100 0.000000 0.000000 0.000000 1.000000
0.999603 0.026627 0.009161 -0.038100 -0.026372 0.999292 -0.026833 9.490500 -0.009869 0.026581 0.999598 -1.392100 0.000000 0.000000 0.000000 1.000000
0.999642 0.022826 0.013947 -0.038100 -0.022435 0.999367 -0.027602 9.490500 -0.014569 0.027279 0.999522 -1.392100 0.000000 0.000000 0.000000 1.000000
0.999708 0.017325 0.016841 -0.038100 -0.016855 0.999475 -0.027657 9.490500 -0.017311 0.027365 0.999476 -1.392100 0.000000 0.000000 0.000000 1.000000
0.999750 0.013784 0.017582 -0.038100 -0.013295 0.999530 -0.027638 9.490500 -0.017954 0.027397 0.999463 -1.392100 0.000000 0.000000 0.000000 1.000000
0.999758 0.013758 0.017138 -0.038100 -0.013279 0.999525 -0.027793 9.490500 -0.017512 0.027559 0.999467 -1.392100 0.000000 0.000000 0.000000 1.000000
0.999733 0.016059 0.016630 -0.038100 -0.015587 0.999482 -0.028148 9.490500 -0.017073 0.027881 0.999465 -1.392100 0.000000 0.000000 0.000000 1.000000
0.999695 0.018405 0.016483 -0.038100 -0.017928 0.999429 -0.028655 9.490500 -0.017001 0.028351 0.999453 -1.392100 0.000000 0.000000 0.000000 1.000000
0.999678 0.019435 0.016309 -0.038100 -0.018953 0.999394 -0.029191 9.490500 -0.016866 0.028873 0.999441 -1.392100 0.000000 0.000000 0.000000 1.000000
0.999698 0.019189 0.015349 -0.038100 -0.018729 0.999387 -0.029575 9.490500 -0.015907 0.029279 0.999445 -1.392100 0.000000 0.000000 0.000000 1.000000
0.999742 0.018554 0.013087 -0.038100 -0.018159 0.999395 -0.029678 9.490500 -0.013629 0.029433 0.999474 -1.392100 0.000000 0.000000 0.000000 1.000000
0.999783 0.018515 0.009590 -0.038100 -0.018225 0.999399 -0.029484 9.490500 -0.010130 0.029302 0.999519 -1.392100 0.000000 0.000000 0.000000 1.000000
0.999795 0.019517 0.005445 -0.038100 -0.019351 0.999391 -0.029053 9.490500 -0.006009 0.028942 0.999563 -1.392100 0.000000 0.000000 0.000000 1.000000
0.999777 0.021084 0.001398 -0.038100 -0.021035 0.999373 -0.028489 9.490500 -0.001997 0.028453 0.999593 -1.392100 0.000000 0.000000 0.000000 1.000000
0.999762 0.021728 -0.002054 -0.038100 -0.021777 0.999373 -0.027931 9.490500 0.001446 0.027969 0.999608 -1.392100 0.000000 0.000000 0.000000 1.000000
0.999791 0.019848 -0.004836 -0.038100 -0.019973 0.999422 -0.027527 9.490500 0.004287 0.027617 0.999609 -1.392100 0.000000 0.000000 0.000000 1.000000
0.999861 0.015075 -0.007184 -0.038100 -0.015266 0.999510 -0.027340 9.490500 0.006769 0.027446 0.999600 -1.392100 0.000000 0.000000 0.000000 1.000000
0.999920 0.008457 -0.009388 -0.038100 -0.008711 0.999589 -0.027318 9.490500 0.009153 0.027398 0.999583 -1.392100 0.000000 0.000000 0.000000 1.000000
0.999931 0.001515 -0.011628 -0.038100 -0.001833 0.999624 -0.027352 9.490500 0.011582 0.027371 0.999558 -1.392100 0.000000 0.000000 0.000000 1.000000</float_array><technique_common><accessor source="#mixamorig_Spine-Matrix-animation-output-transform-array" count="41" stride="16"><param type="float4x4"/></accessor></technique_common></source><source id="mixamorig_Spine-Interpolations"><Name_array id="mixamorig_Spine-Interpolations-array" count="41">
 LINEAR LINEAR LINEAR LINEAR LINEAR LINEAR LINEAR LINEAR LINEAR LINEAR LINEAR
LINEAR LINEAR LINEAR LINEAR LINEAR LINEAR LINEAR LINEAR LINEAR LINEAR LINEAR LINEAR
LINEAR LINEAR LINEAR LINEAR LINEAR LINEAR LINEAR LINEAR LINEAR LINEAR LINEAR LINEAR
LINEAR LINEAR LINEAR LINEAR LINEAR LINEAR</Name_array><technique_common><accessor source="#mixamorig_Spine-Interpolations-array" count="41"><param type="name"/></accessor></technique_common></source><sampler id="mixamorig_Spine-Matrix-animation-transform"><input semantic="INPUT" source="#mixamorig_Spine-Matrix-animation-input"/><input semantic="OUTPUT" source="#mixamorig_Spine-Matrix-animation-output-transform"/><input semantic="INTERPOLATION" source="#mixamorig_Spine-Interpolations"/></sampler><channel source="#mixamorig_Spine-Matrix-animation-transform" target="mixamorig_Spine/matrix"/></animation>
    <animation id="mixamorig_Spine1-anim" name="mixamorig_Spine1"><source id="mixamorig_Spine1-Matrix-animation-input"><float_array id="mixamorig_Spine1-Matrix-animation-input-array" count="41">

0.000000 0.033333 0.066667 0.100000 0.133333 0.166667 0.200000 0.233333 0.266667 0.300000 0.333333 0.366667 0.400000 0.433333 0.466667 0.500000
0.533333 0.566667 0.600000 0.633333 0.666667 0.700000 0.733333 0.766667 0.800000 0.833333 0.866667 0.900000 0.933333 0.966667 1.000000 1.033333
1.066667 1.100000 1.133333 1.166667 1.200000 1.233333 1.266667 1.300000 1.333333</float_array><technique_common><accessor source="#mixamorig_Spine1-Matrix-animation-input-array" count="41"><param name="TIME" type="float"/></accessor></technique_common></source><source id="mixamorig_Spine1-Matrix-animation-output-transform"><float_array id="mixamorig_Spine1-Matrix-animation-output-transform-array" count="656">

0.999563 -0.017406 -0.023883 -0.044200 0.016075 0.998366 -0.054835 11.072300 0.024798 0.054427 0.998210 -1.624100 0.000000 0.000000 0.000000 1.000000
0.999534 -0.021297 -0.021883 -0.044200 0.020079 0.998315 -0.054438 11.072300 0.023006 0.053973 0.998277 -1.624100 0.000000 0.000000 0.000000 1.000000
0.999553 -0.023209 -0.018849 -0.044200 0.022176 0.998332 -0.053304 11.072300 0.020055 0.052862 0.998400 -1.624100 0.000000 0.000000 0.000000 1.000000
0.999640 -0.023079 -0.013654 -0.044200 0.022352 0.998437 -0.051223 11.072300 0.014814 0.050899 0.998594 -1.624100 0.000000 0.000000 0.000000 1.000000
0.999759 -0.021327 -0.005263 -0.044200 0.021048 0.998612 -0.048290 11.072300 0.006285 0.048167 0.998820 -1.624100 0.000000 0.000000 0.000000 1.000000
0.999803 -0.018637 0.006863 -0.044200 0.018928 0.998800 -0.045179 11.072300 -0.006012 0.045300 0.998955 -1.624100 0.000000 0.000000 0.000000 1.000000
0.999619 -0.015240 0.023006 -0.044200 0.016217 0.998948 -0.042900 11.072300 -0.022328 0.043257 0.998814 -1.624100 0.000000 0.000000 0.000000 1.000000
0.998998 -0.010852 0.043411 -0.044200 0.012683 0.999032 -0.042112 11.072300 -0.042912 0.042621 0.998169 -1.624100 0.000000 0.000000 0.000000 1.000000
0.997690 -0.005079 0.067746 -0.044200 0.007974 0.999063 -0.042545 11.072300 -0.067467 0.042987 0.996795 -1.624100 0.000000 0.000000 0.000000 1.000000
0.995556 0.002223 0.094148 -0.044200 0.001857 0.999064 -0.043227 11.072300 -0.094156 0.043210 0.994619 -1.624100 0.000000 0.000000 0.000000 1.000000
0.992830 0.010902 0.119033 -0.044200 -0.005770 0.999042 -0.043378 11.072300 -0.119392 0.042380 0.991942 -1.624100 0.000000 0.000000 0.000000 1.000000
0.990181 0.020456 0.138289 -0.044200 -0.014650 0.998973 -0.042876 11.072300 -0.139024 0.040429 0.989463 -1.624100 0.000000 0.000000 0.000000 1.000000
0.988384 0.029629 0.149059 -0.044200 -0.023660 0.998852 -0.041662 11.072300 -0.150122 0.037652 0.987950 -1.624100 0.000000 0.000000 0.000000 1.000000
0.987916 0.036404 0.150656 -0.044200 -0.030850 0.998761 -0.039040 11.072300 -0.151890 0.033920 0.987815 -1.624100 0.000000 0.000000 0.000000 1.000000
0.988806 0.039034 0.144013 -0.044200 -0.034462 0.998824 -0.034110 11.072300 -0.145175 0.028765 0.988988 -1.624100 0.000000 0.000000 0.000000 1.000000
0.990767 0.037359 0.130323 -0.044200 -0.034119 0.999053 -0.027010 11.072300 -0.131209 0.022314 0.991104 -1.624100 0.000000 0.000000 0.000000 1.000000
0.993362 0.032735 0.110276 -0.044200 -0.030768 0.999337 -0.019489 11.072300 -0.110841 0.015967 0.993710 -1.624100 0.000000 0.000000 0.000000 1.000000
0.996041 0.026780 0.084760 -0.044200 -0.025656 0.999568 -0.014321 11.072300 -0.085107 0.012090 0.996298 -1.624100 0.000000 0.000000 0.000000 1.000000
0.998191 0.020726 0.056432 -0.044200 -0.019963 0.999702 -0.014051 11.072300 -0.056706 0.012899 0.998308 -1.624100 0.000000 0.000000 0.000000 1.000000
0.999420 0.015473 0.030326 -0.044200 -0.014884 0.999698 -0.019553 11.072300 -0.030619 0.019090 0.999349 -1.624100 0.000000 0.000000 0.000000 1.000000
0.999857 0.011769 0.012171 -0.044200 -0.011409 0.999508 -0.029227 11.072300 -0.012509 0.029084 0.999499 -1.624100 0.000000 0.000000 0.000000 1.000000
0.999938 0.009817 0.005305 -0.044200 -0.009599 0.999166 -0.039698 11.072300 -0.005690 0.039645 0.999198 -1.624100 0.000000 0.000000 0.000000 1.000000
0.999923 0.008860 0.008695 -0.044200 -0.008435 0.998821 -0.047809 11.072300 -0.009108 0.047732 0.998819 -1.624100 0.000000 0.000000 0.000000 1.000000
0.999815 0.007587 0.017667 -0.044200 -0.006654 0.998609 -0.052310 11.072300 -0.018039 0.052182 0.998475 -1.624100 0.000000 0.000000 0.000000 1.000000
0.999631 0.005149 0.026679 -0.044200 -0.003704 0.998538 -0.053936 11.072300 -0.026918 0.053818 0.998188 -1.624100 0.000000 0.000000 0.000000 1.000000
0.999482 0.001849 0.032141 -0.044200 -0.000104 0.998529 -0.054216 11.072300 -0.032194 0.054184 0.998012 -1.624100 0.000000 0.000000 0.000000 1.000000
0.999435 -0.001206 0.033584 -0.044200 0.003029 0.998521 -0.054275 11.072300 -0.033469 0.054346 0.997961 -1.624100 0.000000 0.000000 0.000000 1.000000
0.999457 -0.003188 0.032781 -0.044200 0.004974 0.998499 -0.054543 11.072300 -0.032558 0.054676 0.997973 -1.624100 0.000000 0.000000 0.000000 1.000000
0.999486 -0.004030 0.031803 -0.044200 0.005779 0.998463 -0.055118 11.072300 -0.031532 0.055273 0.997973 -1.624100 0.000000 0.000000 0.000000 1.000000
0.999496 -0.004238 0.031462 -0.044200 0.005996 0.998413 -0.056001 11.072300 -0.031175 0.056161 0.997935 -1.624100 0.000000 0.000000 0.000000 1.000000
0.999509 -0.004346 0.031034 -0.044200 0.006112 0.998354 -0.057028 11.072300 -0.030735 0.057190 0.997890 -1.624100 0.000000 0.000000 0.000000 1.000000
0.999566 -0.004604 0.029080 -0.044200 0.006282 0.998304 -0.057869 11.072300 -0.028764 0.058027 0.997901 -1.624100 0.000000 0.000000 0.000000 1.000000
0.999686 -0.004999 0.024570 -0.044200 0.006423 0.998283 -0.058225 11.072300 -0.024237 0.058365 0.998001 -1.624100 0.000000 0.000000 0.000000 1.000000
0.999831 -0.005403 0.017573 -0.044200 0.006415 0.998296 -0.058001 11.072300 -0.017230 0.058104 0.998162 -1.624100 0.000000 0.000000 0.000000 1.000000
0.999942 -0.005681 0.009200 -0.044200 0.006199 0.998338 -0.057291 11.072300 -0.008859 0.057344 0.998315 -1.624100 0.000000 0.000000 0.000000 1.000000
0.999982 -0.005859 0.000950 -0.044200 0.005904 0.998396 -0.056309 11.072300 -0.000619 0.056313 0.998413 -1.624100 0.000000 0.000000 0.000000 1.000000
0.999962 -0.006333 -0.006063 -0.044200 0.005988 0.998449 -0.055354 11.072300 0.006404 0.055316 0.998448 -1.624100 0.000000 0.000000 0.000000 1.000000
0.999904 -0.007719 -0.011549 -0.044200 0.007076 0.998477 -0.054722 11.072300 0.011954 0.054635 0.998435 -1.624100 0.000000 0.000000 0.000000 1.000000
0.999820 -0.010299 -0.015935 -0.044200 0.009416 0.998468 -0.054527 11.072300 0.016472 0.054367 0.998385 -1.624100 0.000000 0.000000 0.000000 1.000000
0.999708 -0.013741 -0.019883 -0.044200 0.012637 0.998426 -0.054640 11.072300 0.020602 0.054373 0.998308 -1.624100 0.000000 0.000000 0.000000 1.000000
0.999563 -0.017406 -0.023883 -0.044200 0.016075 0.998366 -0.054835 11.072300 0.024798 0.054427 0.998210 -1.624100 0.000000 0.000000 0.000000 1.000000</float_array><technique_common><accessor source="#mixamorig_Spine1-Matrix-animation-output-transform-array" count="41" stride="16"><param type="float4x4"/></accessor></technique_common></source><source id="mixamorig_Spine1-Interpolations"><Name_array id="mixamorig_Spine1-Interpolations-array" count="41">
 LINEAR LINEAR LINEAR LINEAR LINEAR LINEAR LINEAR LINEAR LINEAR LINEAR LINEAR
LINEAR LINEAR LINEAR LINEAR LINEAR LINEAR LINEAR LINEAR LINEAR LINEAR LINEAR LINEAR
LINEAR LINEAR LINEAR LINEAR LINEAR LINEAR LINEAR LINEAR LINEAR LINEAR LINEAR LINEAR
LINEAR LINEAR LINEAR LINEAR LINEAR LINEAR</Name_array><technique_common><accessor source="#mixamorig_Spine1-Interpolations-array" count="41"><param type="name"/></accessor></technique_common></source><sampler id="mixamorig_Spine1-Matrix-animation-transform"><input semantic="INPUT" source="#mixamorig_Spine1-Matrix-animation-input"/><input semantic="OUTPUT" source="#mixamorig_Spine1-Matrix-animation-output-transform"/><input semantic="INTERPOLATION" source="#mixamorig_Spine1-Interpolations"/></sampler><channel source="#mixamorig_Spine1-Matrix-animation-transform" target="mixamorig_Spine1/matrix"/></animation>
    <animation id="mixamorig_Spine2-anim" name="mixamorig_Spine2"><source id="mixamorig_Spine2-Matrix-animation-input"><float_array id="mixamorig_Spine2-Matrix-animation-input-array" count="41">

0.000000 0.033333 0.066667 0.100000 0.133333 0.166667 0.200000 0.233333 0.266667 0.300000 0.333333 0.366667 0.400000 0.433333 0.466667 0.500000
0.533333 0.566667 0.600000 0.633333 0.666667 0.700000 0.733333 0.766667 0.800000 0.833333 0.866667 0.900000 0.933333 0.966667 1.000000 1.033333
1.066667 1.100000 1.133333 1.166667 1.200000 1.233333 1.266667 1.300000 1.333333</float_array><technique_common><accessor source="#mixamorig_Spine2-Matrix-animation-input-array" count="41"><param name="TIME" type="float"/></accessor></technique_common></source><source id="mixamorig_Spine2-Matrix-animation-output-transform"><float_array id="mixamorig_Spine2-Matrix-animation-output-transform-array" count="656">

0.999561 -0.017409 -0.023982 -0.050500 0.016073 0.998368 -0.054793 12.654000 0.024896 0.054384 0.998210 -1.856100 0.000000 0.000000 0.000000 1.000000
0.999533 -0.021297 -0.021906 -0.050500 0.020078 0.998316 -0.054429 12.654000 0.023029 0.053964 0.998277 -1.856100 0.000000 0.000000 0.000000 1.000000
0.999553 -0.023207 -0.018822 -0.050500 0.022175 0.998332 -0.053311 12.654000 0.020028 0.052870 0.998401 -1.856100 0.000000 0.000000 0.000000 1.000000
0.999641 -0.023076 -0.013604 -0.050500 0.022351 0.998437 -0.051232 12.654000 0.014765 0.050910 0.998594 -1.856100 0.000000 0.000000 0.000000 1.000000
0.999759 -0.021327 -0.005212 -0.050500 0.021051 0.998611 -0.048299 12.654000 0.006235 0.048177 0.998819 -1.856100 0.000000 0.000000 0.000000 1.000000
0.999802 -0.018640 0.006910 -0.050500 0.018933 0.998799 -0.045184 12.654000 -0.006060 0.045306 0.998955 -1.856100 0.000000 0.000000 0.000000 1.000000
0.999618 -0.015236 0.023061 -0.050500 0.016215 0.998949 -0.042879 12.654000 -0.022384 0.043236 0.998814 -1.856100 0.000000 0.000000 0.000000 1.000000
0.998996 -0.010832 0.043480 -0.050500 0.012661 0.999036 -0.042027 12.654000 -0.042983 0.042536 0.998170 -1.856100 0.000000 0.000000 0.000000 1.000000
0.997685 -0.005046 0.067819 -0.050500 0.007935 0.999069 -0.042396 12.654000 -0.067542 0.042836 0.996796 -1.856100 0.000000 0.000000 0.000000 1.000000
0.995551 0.002244 0.094199 -0.050500 0.001827 0.999069 -0.043102 12.654000 -0.094208 0.043083 0.994620 -1.856100 0.000000 0.000000 0.000000 1.000000
0.992830 0.010876 0.119036 -0.050500 -0.005736 0.999040 -0.043433 12.654000 -0.119394 0.042439 0.991940 -1.856100 0.000000 0.000000 0.000000 1.000000
0.990191 0.020358 0.138231 -0.050500 -0.014502 0.998960 -0.043237 12.654000 -0.138968 0.040809 0.989456 -1.856100 0.000000 0.000000 0.000000 1.000000
0.988407 0.029460 0.148943 -0.050500 -0.023390 0.998829 -0.042347 12.654000 -0.150016 0.038372 0.987939 -1.856100 0.000000 0.000000 0.000000 1.000000
0.987947 0.036189 0.150502 -0.050500 -0.030497 0.998736 -0.039962 12.654000 -0.151758 0.034891 0.987802 -1.856100 0.000000 0.000000 0.000000 1.000000
0.988838 0.038805 0.143851 -0.050500 -0.034083 0.998801 -0.035152 12.654000 -0.145043 0.029857 0.988975 -1.856100 0.000000 0.000000 0.000000 1.000000
0.990794 0.037141 0.130185 -0.050500 -0.033761 0.999036 -0.028071 12.654000 -0.131102 0.023417 0.991092 -1.856100 0.000000 0.000000 0.000000 1.000000
0.993379 0.032546 0.110180 -0.050500 -0.030470 0.999326 -0.020469 12.654000 -0.110772 0.016976 0.993701 -1.856100 0.000000 0.000000 0.000000 1.000000
0.996051 0.026636 0.084699 -0.050500 -0.025446 0.999562 -0.015101 12.654000 -0.085064 0.012886 0.996292 -1.856100 0.000000 0.000000 0.000000 1.000000
0.998196 0.020633 0.056374 -0.050500 -0.019843 0.999697 -0.014544 12.654000 -0.056658 0.013399 0.998304 -1.856100 0.000000 0.000000 0.000000 1.000000
0.999424 0.015425 0.030235 -0.050500 -0.014832 0.999695 -0.019764 12.654000 -0.030531 0.019304 0.999347 -1.856100 0.000000 0.000000 0.000000 1.000000
0.999859 0.011749 0.012023 -0.050500 -0.011393 0.999507 -0.029260 12.654000 -0.012361 0.029119 0.999500 -1.856100 0.000000 0.000000 0.000000 1.000000
0.999939 0.009805 0.005099 -0.050500 -0.009595 0.999166 -0.039686 12.654000 -0.005484 0.039634 0.999199 -1.856100 0.000000 0.000000 0.000000 1.000000
0.999925 0.008845 0.008453 -0.050500 -0.008431 0.998820 -0.047837 12.654000 -0.008866 0.047763 0.998819 -1.856100 0.000000 0.000000 0.000000 1.000000
0.999820 0.007568 0.017425 -0.050500 -0.006646 0.998604 -0.052395 12.654000 -0.017797 0.052270 0.998474 -1.856100 0.000000 0.000000 0.000000 1.000000
0.999636 0.005130 0.026472 -0.050500 -0.003693 0.998531 -0.054049 12.654000 -0.026711 0.053931 0.998187 -1.856100 0.000000 0.000000 0.000000 1.000000
0.999487 0.001833 0.031981 -0.050500 -0.000094 0.998523 -0.054322 12.654000 -0.032034 0.054291 0.998011 -1.856100 0.000000 0.000000 0.000000 1.000000
0.999440 -0.001221 0.033445 -0.050500 0.003039 0.998516 -0.054368 12.654000 -0.033329 0.054439 0.997961 -1.856100 0.000000 0.000000 0.000000 1.000000
0.999463 -0.003206 0.032623 -0.050500 0.004987 0.998494 -0.054638 12.654000 -0.032399 0.054771 0.997973 -1.856100 0.000000 0.000000 0.000000 1.000000
0.999492 -0.004053 0.031601 -0.050500 0.005795 0.998457 -0.055231 12.654000 -0.031328 0.055386 0.997973 -1.856100 0.000000 0.000000 0.000000 1.000000
0.999503 -0.004265 0.031218 -0.050500 0.006013 0.998405 -0.056134 12.654000 -0.030929 0.056294 0.997935 -1.856100 0.000000 0.000000 0.000000 1.000000
0.999517 -0.004374 0.030768 -0.050500 0.006129 0.998346 -0.057170 12.654000 -0.030467 0.057331 0.997890 -1.856100 0.000000 0.000000 0.000000 1.000000
0.999574 -0.004630 0.028809 -0.050500 0.006295 0.998297 -0.058002 12.654000 -0.028492 0.058159 0.997901 -1.856100 0.000000 0.000000 0.000000 1.000000
0.999692 -0.005021 0.024303 -0.050500 0.006432 0.998276 -0.058338 12.654000 -0.023968 0.058476 0.998001 -1.856100 0.000000 0.000000 0.000000 1.000000
0.999836 -0.005421 0.017305 -0.050500 0.006418 0.998291 -0.058082 12.654000 -0.016960 0.058183 0.998162 -1.856100 0.000000 0.000000 0.000000 1.000000
0.999944 -0.005695 0.008918 -0.050500 0.006197 0.998336 -0.057333 12.654000 -0.008577 0.057385 0.998315 -1.856100 0.000000 0.000000 0.000000 1.000000
0.999983 -0.005870 0.000649 -0.050500 0.005897 0.998396 -0.056309 12.654000 -0.000318 0.056312 0.998413 -1.856100 0.000000 0.000000 0.000000 1.000000
0.999960 -0.006341 -0.006371 -0.050500 0.005979 0.998451 -0.055320 12.654000 0.006712 0.055280 0.998448 -1.856100 0.000000 0.000000 0.000000 1.000000
0.999900 -0.007725 -0.011837 -0.050500 0.007067 0.998480 -0.054668 12.654000 0.012242 0.054579 0.998434 -1.856100 0.000000 0.000000 0.000000 1.000000
0.999816 -0.010304 -0.016173 -0.050500 0.009409 0.998471 -0.054470 12.654000 0.016709 0.054308 0.998384 -1.856100 0.000000 0.000000 0.000000 1.000000
0.999704 -0.013746 -0.020053 -0.050500 0.012633 0.998429 -0.054590 12.654000 0.020772 0.054321 0.998307 -1.856100 0.000000 0.000000 0.000000 1.000000
0.999561 -0.017409 -0.023982 -0.050500 0.016073 0.998368 -0.054793 12.654000 0.024896 0.054384 0.998210 -1.856100 0.000000 0.000000 0.000000 1.000000</float_array><technique_common><accessor source="#mixamorig_Spine2-Matrix-animation-output-transform-array" count="41" stride="16"><param type="float4x4"/></accessor></technique_common></source><source id="mixamorig_Spine2-Interpolations"><Name_array id="mixamorig_Spine2-Interpolations-array" count="41">
 LINEAR LINEAR LINEAR LINEAR LINEAR LINEAR LINEAR LINEAR LINEAR LINEAR LINEAR
LINEAR LINEAR LINEAR LINEAR LINEAR LINEAR LINEAR LINEAR LINEAR LINEAR LINEAR LINEAR
LINEAR LINEAR LINEAR LINEAR LINEAR LINEAR LINEAR LINEAR LINEAR LINEAR LINEAR LINEAR
LINEAR LINEAR LINEAR LINEAR LINEAR LINEAR</Name_array><technique_common><accessor source="#mixamorig_Spine2-Interpolations-array" count="41"><param type="name"/></accessor></technique_common></source><sampler id="mixamorig_Spine2-Matrix-animation-transform"><input semantic="INPUT" source="#mixamorig_Spine2-Matrix-animation-input"/><input semantic="OUTPUT" source="#mixamorig_Spine2-Matrix-animation-output-transform"/><input semantic="INTERPOLATION" source="#mixamorig_Spine2-Interpolations"/></sampler><channel source="#mixamorig_Spine2-Matrix-animation-transform" target="mixamorig_Spine2/matrix"/></animation>
    <animation id="mixamorig_Neck-anim" name="mixamorig_Neck"><source id="mixamorig_Neck-Matrix-animation-input"><float_array id="mixamorig_Neck-Matrix-animation-input-array" count="41">

0.000000 0.033333 0.066667 0.100000 0.133333 0.166667 0.200000 0.233333 0.266667 0.300000 0.333333 0.366667 0.400000 0.433333 0.466667 0.500000
0.533333 0.566667 0.600000 0.633333 0.666667 0.700000 0.733333 0.766667 0.800000 0.833333 0.866667 0.900000 0.933333 0.966667 1.000000 1.033333
1.066667 1.100000 1.133333 1.166667 1.200000 1.233333 1.266667 1.300000 1.333333</float_array><technique_common><accessor source="#mixamorig_Neck-Matrix-animation-input-array" count="41"><param name="TIME" type="float"/></accessor></technique_common></source><source id="mixamorig_Neck-Matrix-animation-output-transform"><float_array id="mixamorig_Neck-Matrix-animation-output-transform-array" count="656">

0.998951 -0.036191 -0.028057 -0.056900 0.031781 0.989031 -0.144245 14.235800 0.032970 0.143202 0.989144 -2.088100 0.000000 0.000000 0.000000 1.000000
0.998664 -0.041385 -0.030934 -0.056900 0.036687 0.989544 -0.139485 14.235800 0.036383 0.138164 0.989741 -2.088100 0.000000 0.000000 0.000000 1.000000
0.998113 -0.049590 -0.036212 -0.056900 0.044266 0.989803 -0.135390 14.235800 0.042557 0.133532 0.990130 -2.088100 0.000000 0.000000 0.000000 1.000000
0.997158 -0.060818 -0.044456 -0.056900 0.054431 0.989628 -0.132942 14.235800 0.052080 0.130144 0.990126 -2.088100 0.000000 0.000000 0.000000 1.000000
0.995746 -0.073520 -0.055542 -0.056900 0.065640 0.989023 -0.132383 14.235800 0.064666 0.128174 0.989641 -2.088100 0.000000 0.000000 0.000000 1.000000
0.994067 -0.084507 -0.068476 -0.056900 0.074910 0.988376 -0.132294 14.235800 0.078860 0.126380 0.988842 -2.088100 0.000000 0.000000 0.000000 1.000000
0.992493 -0.090637 -0.082111 -0.056900 0.079473 0.988284 -0.130301 14.235800 0.092959 0.122797 0.988069 -2.088100 0.000000 0.000000 0.000000 1.000000
0.991260 -0.090758 -0.095745 -0.056900 0.078485 0.989051 -0.124971 14.235800 0.106039 0.116364 0.987530 -2.088100 0.000000 0.000000 0.000000 1.000000
0.990248 -0.086575 -0.109151 -0.056900 0.073715 0.990416 -0.116804 14.235800 0.118217 0.107619 0.987139 -2.088100 0.000000 0.000000 0.000000 1.000000
0.989135 -0.081901 -0.122082 -0.056900 0.068842 0.991808 -0.107603 14.235800 0.129895 0.098030 0.986670 -2.088100 0.000000 0.000000 0.000000 1.000000
0.987740 -0.080700 -0.133632 -0.056900 0.067583 0.992695 -0.099948 14.235800 0.140722 0.089692 0.985978 -2.088100 0.000000 0.000000 0.000000 1.000000
0.986225 -0.084807 -0.142016 -0.056900 0.071329 0.992681 -0.097451 14.235800 0.149241 0.085979 0.985056 -2.088100 0.000000 0.000000 0.000000 1.000000
0.985068 -0.092446 -0.145242 -0.056900 0.077790 0.991578 -0.103545 14.235800 0.153591 0.090701 0.983963 -2.088100 0.000000 0.000000 0.000000 1.000000
0.984828 -0.098940 -0.142564 -0.056900 0.082355 0.989606 -0.117886 14.235800 0.152746 0.104357 0.982740 -2.088100 0.000000 0.000000 0.000000 1.000000
0.985724 -0.099893 -0.135534 -0.056900 0.081612 0.987572 -0.134319 14.235800 0.147267 0.121340 0.981626 -2.088100 0.000000 0.000000 0.000000 1.000000
0.987347 -0.094512 -0.127334 -0.056900 0.075797 0.986590 -0.144551 14.235800 0.139289 0.133070 0.981270 -2.088100 0.000000 0.000000 0.000000 1.000000
0.988978 -0.085804 -0.120670 -0.056900 0.067941 0.987089 -0.145051 14.235800 0.131558 0.135253 0.982038 -2.088100 0.000000 0.000000 0.000000 1.000000
0.990185 -0.077636 -0.116216 -0.056900 0.061073 0.988287 -0.139853 14.235800 0.125713 0.131383 0.983328 -2.088100 0.000000 0.000000 0.000000 1.000000
0.990963 -0.072257 -0.113013 -0.056900 0.056633 0.989114 -0.135818 14.235800 0.121597 0.128190 0.984267 -2.088100 0.000000 0.000000 0.000000 1.000000
0.991430 -0.070529 -0.109963 -0.056900 0.055341 0.989227 -0.135526 14.235800 0.118337 0.128279 0.984653 -2.088100 0.000000 0.000000 0.000000 1.000000
0.991623 -0.072866 -0.106652 -0.056900 0.058070 0.989033 -0.135798 14.235800 0.115378 0.128467 0.984979 -2.088100 0.000000 0.000000 0.000000 1.000000
0.991584 -0.078355 -0.103064 -0.056900 0.064364 0.989065 -0.132690 14.235800 0.112334 0.124940 0.985785 -2.088100 0.000000 0.000000 0.000000 1.000000
0.991546 -0.083538 -0.099291 -0.056900 0.070718 0.989470 -0.126283 14.235800 0.108795 0.118193 0.987013 -2.088100 0.000000 0.000000 0.000000 1.000000
0.991841 -0.084069 -0.095835 -0.056900 0.072316 0.990121 -0.120127 14.235800 0.104987 0.112217 0.988122 -2.088100 0.000000 0.000000 0.000000 1.000000
0.992496 -0.078576 -0.093685 -0.056900 0.067375 0.990813 -0.117259 14.235800 0.102038 0.110067 0.988673 -2.088100 0.000000 0.000000 0.000000 1.000000
0.993134 -0.070280 -0.093514 -0.056900 0.059069 0.991294 -0.117677 14.235800 0.100970 0.111345 0.988639 -2.088100 0.000000 0.000000 0.000000 1.000000
0.993440 -0.063980 -0.094785 -0.056900 0.052488 0.991490 -0.119136 14.235800 0.101600 0.113379 0.988343 -2.088100 0.000000 0.000000 0.000000 1.000000
0.993475 -0.061599 -0.095981 -0.056900 0.049956 0.991600 -0.119307 14.235800 0.102524 0.113733 0.988207 -2.088100 0.000000 0.000000 0.000000 1.000000
0.993532 -0.061082 -0.095722 -0.056900 0.049688 0.991865 -0.117196 14.235800 0.102102 0.111681 0.988485 -2.088100 0.000000 0.000000 0.000000 1.000000
0.993854 -0.059287 -0.093480 -0.056900 0.048519 0.992349 -0.113532 14.235800 0.099496 0.108299 0.989127 -2.088100 0.000000 0.000000 0.000000 1.000000
0.994473 -0.055123 -0.089362 -0.056900 0.045126 0.992877 -0.110270 14.235800 0.094803 0.105628 0.989876 -2.088100 0.000000 0.000000 0.000000 1.000000
0.995252 -0.049793 -0.083625 -0.056900 0.040516 0.993196 -0.109183 14.235800 0.088492 0.105277 0.990498 -2.088100 0.000000 0.000000 0.000000 1.000000
0.996053 -0.044881 -0.076573 -0.056900 0.036270 0.993229 -0.110362 14.235800 0.081007 0.107149 0.990937 -2.088100 0.000000 0.000000 0.000000 1.000000
0.996796 -0.040975 -0.068692 -0.056900 0.033108 0.993157 -0.111996 14.235800 0.072811 0.109363 0.991332 -2.088100 0.000000 0.000000 0.000000 1.000000
0.997437 -0.037953 -0.060652 -0.056900 0.030983 0.993226 -0.111993 14.235800 0.064492 0.109826 0.991856 -2.088100 0.000000 0.000000 0.000000 1.000000
0.997946 -0.035791 -0.053121 -0.056900 0.029763 0.993461 -0.110223 14.235800 0.056718 0.108415 0.992486 -2.088100 0.000000 0.000000 0.000000 1.000000
0.998314 -0.034676 -0.046552 -0.056900 0.029419 0.993581 -0.109227 14.235800 0.050041 0.107673 0.992926 -2.088100 0.000000 0.000000 0.000000 1.000000
0.998558 -0.034578 -0.041069 -0.056900 0.029776 0.993230 -0.112285 14.235800 0.044673 0.110901 0.992827 -2.088100 0.000000 0.000000 0.000000 1.000000
0.998720 -0.035089 -0.036442 -0.056900 0.030464 0.992244 -0.120517 14.235800 0.040388 0.119253 0.992042 -2.088100 0.000000 0.000000 0.000000 1.000000
