<?xml version="1.0" encoding="utf-8"?>
<COLLADA xmlns="http://www.collada.org/2005/11/COLLADASchema" version="1.4.1">
  <asset><contributor><author>Mixamo</author><authoring_tool>COLLADA Mixamo exporter</authoring_tool><comments></comments></contributor><created>2018-10-30T14:38:23Z</created><modified>2018-10-30T14:38:23Z</modified><revision></revision><title></title><unit meter="0.010000"/><up_axis>Y_UP</up_axis></asset>
  <library_animations>
    <animation id="mixamorig_Hips-anim" name="mixamorig_Hips"><source id="mixamorig_Hips-Matrix-animation-input"><float_array id="mixamorig_Hips-Matrix-animation-input-array" count="61">

0.000000 0.033333 0.066667 0.100000 0.133333 0.166667 0.200000 0.233333 0.266667 0.300000 0.333333 0.366667 0.400000 0.433333 0.466667 0.500000
0.533333 0.566667 0.600000 0.633333 0.666667 0.700000 0.733333 0.766667 0.800000 0.833333 0.866667 0.900000 0.933333 0.966667 1.000000 1.033333
1.066667 1.100000 1.133333 1.166667 1.200000 1.233333 1.266667 1.300000 1.333333 1.366667 1.400000 1.433333 1.466667 1.500000 1.533333 1.566667
1.600000 1.633333 1.666667 1.700000 1.733333 1.766667 1.800000 1.833333 1.866667 1.900000 1.933333 1.966667 2.000000</float_array><technique_common><accessor source="#mixamorig_Hips-Matrix-animation-input-array" count="61"><param name="TIME" type="float"/></accessor></technique_common></source><source id="mixamorig_Hips-Matrix-animation-output-transform"><float_array id="mixamorig_Hips-Matrix-animation-output-transform-array" count="976">

0.448368 -0.062462 -0.891664 -0.790746 -0.004446 0.997387 -0.072103 92.680794 0.893838 0.036293 0.446919 0.046591 0.000000 0.000000 0.000000 1.000000
0.449789 -0.062796 -0.890924 -0.700416 -0.002386 0.997437 -0.071508 92.664482 0.893131 0.034289 0.448487 -0.064660 0.000000 0.000000 0.000000 1.000000
0.450335 -0.064037 -0.890560 -0.594171 0.000392 0.997439 -0.071524 92.666084 0.892859 0.031861 0.449207 -0.213138 0.000000 0.000000 0.000000 1.000000
0.449460 -0.066407 -0.890829 -0.474030 0.004128 0.997377 -0.072267 92.701553 0.893291 0.028803 0.448556 -0.403790 0.000000 0.000000 0.000000 1.000000
0.446025 -0.069706 -0.892302 -0.346073 0.008738 0.997254 -0.073537 92.779869 0.894978 0.025002 0.445410 -0.637650 0.000000 0.000000 0.000000 1.000000
0.438550 -0.073388 -0.895705 -0.215504 0.013765 0.997092 -0.074956 92.896378 0.898601 0.020542 0.438285 -0.910570 0.000000 0.000000 0.000000 1.000000
0.425696 -0.077040 -0.901581 -0.081751 0.018944 0.996909 -0.076241 93.032036 0.904668 0.015376 0.425840 -1.202329 0.000000 0.000000 0.000000 1.000000
0.406375 -0.080562 -0.910148 0.053672 0.024463 0.996708 -0.077301 93.155312 0.913379 0.009149 0.407008 -1.470347 0.000000 0.000000 0.000000 1.000000
0.379956 -0.083783 -0.921202 0.181887 0.030525 0.996483 -0.078039 93.219734 0.924501 0.001531 0.381177 -1.664350 0.000000 0.000000 0.000000 1.000000
0.346804 -0.085959 -0.933990 0.296831 0.037022 0.996270 -0.077944 93.169716 0.937207 -0.007546 0.348693 -1.740965 0.000000 0.000000 0.000000 1.000000
0.308164 -0.085906 -0.947447 0.402405 0.043706 0.996141 -0.076106 92.964935 0.950329 -0.017956 0.310729 -1.653585 0.000000 0.000000 0.000000 1.000000
0.265292 -0.083105 -0.960580 0.504588 0.050647 0.996104 -0.072191 92.593781 0.962837 -0.029499 0.268467 -1.356385 0.000000 0.000000 0.000000 1.000000
0.219402 -0.078310 -0.972487 0.604378 0.058263 0.996046 -0.067062 92.074631 0.973893 -0.041947 0.223097 -0.823631 0.000000 0.000000 0.000000 1.000000
0.172149 -0.072407 -0.982406 0.693653 0.067059 0.995843 -0.061647 91.441330 0.982786 -0.055267 0.176289 -0.050884 0.000000 0.000000 0.000000 1.000000
0.125213 -0.065389 -0.989973 0.746950 0.077324 0.995434 -0.055970 90.738945 0.989112 -0.069541 0.129697 0.958619 0.000000 0.000000 0.000000 1.000000
0.080270 -0.056573 -0.995166 0.728398 0.088618 0.994840 -0.049407 90.021141 0.992826 -0.084224 0.084869 2.192068 0.000000 0.000000 0.000000 1.000000
0.040512 -0.045295 -0.998152 0.627816 0.099694 0.994170 -0.041068 89.321136 0.994193 -0.097846 0.044792 3.614594 0.000000 0.000000 0.000000 1.000000
0.010572 -0.031443 -0.999450 0.465227 0.108934 0.993593 -0.030106 88.646744 0.993993 -0.108556 0.013930 5.163054 0.000000 0.000000 0.000000 1.000000
-0.004584 -0.015579 -0.999868 0.263247 0.114337 0.993313 -0.016001 88.002220 0.993431 -0.114395 -0.002772 6.761599 0.000000 0.000000 0.000000 1.000000
0.001353 0.001296 -0.999998 0.038295 0.113901 0.993491 0.001441 87.398788 0.993491 -0.113903 0.001197 8.334337 0.000000 0.000000 0.000000 1.000000
0.035623 0.018080 -0.999202 -0.180711 0.105240 0.994209 0.021742 86.886574 0.993809 -0.105930 0.033514 9.818131 0.000000 0.000000 0.000000 1.000000
0.101299 0.034058 -0.994273 -0.366226 0.085545 0.995414 0.042812 86.507896 0.991171 -0.089392 0.097921 11.128743 0.000000 0.000000 0.000000 1.000000
0.192759 0.049971 -0.979973 -0.515511 0.051745 0.996795 0.061007 86.328011 0.979881 -0.062469 0.189556 12.179729 0.000000 0.000000 0.000000 1.000000
0.299056 0.068105 -0.951802 -0.673450 0.002835 0.997382 0.072257 86.407768 0.954231 -0.024308 0.298080 12.849217 0.000000 0.000000 0.000000 1.000000
0.413763 0.090678 -0.905857 -0.880104 -0.061140 0.995548 0.071730 86.920273 0.908329 0.025705 0.417466 13.077732 0.000000 0.000000 0.000000 1.000000
0.538197 0.118135 -0.834499 -1.128886 -0.136409 0.989283 0.052072 88.025688 0.831707 0.085808 0.548544 12.885230 0.000000 0.000000 0.000000 1.000000
0.670403 0.149597 -0.726760 -1.336086 -0.212636 0.977119 0.004984 89.750908 0.710877 0.151194 0.686873 12.439624 0.000000 0.000000 0.000000 1.000000
0.794427 0.181396 -0.579640 -1.363028 -0.271205 0.959876 -0.071311 91.839386 0.543447 0.213853 0.811747 11.919630 0.000000 0.000000 0.000000 1.000000
0.889340 0.203351 -0.409541 -1.088034 -0.290007 0.943321 -0.161373 93.947838 0.353513 0.262285 0.897906 11.512480 0.000000 0.000000 0.000000 1.000000
0.948012 0.198150 -0.249019 -0.541254 -0.256989 0.938202 -0.231806 95.531906 0.187698 0.283750 0.940349 11.093534 0.000000 0.000000 0.000000 1.000000
0.977009 0.168095 -0.131141 0.115107 -0.197576 0.944994 -0.260670 96.557007 0.080110 0.280588 0.956479 10.723755 0.000000 0.000000 0.000000 1.000000
0.988972 0.134362 -0.062299 0.683496 -0.145988 0.955233 -0.257328 97.117699 0.024935 0.263585 0.964314 10.721272 0.000000 0.000000 0.000000 1.000000
0.993302 0.114623 -0.014575 0.986212 -0.114677 0.962518 -0.245781 97.261139 -0.014143 0.245806 0.969216 11.071119 0.000000 0.000000 0.000000 1.000000
0.993124 0.113054 0.030398 1.082401 -0.102652 0.965783 -0.238174 96.999123 -0.056285 0.233415 0.970747 11.658868 0.000000 0.000000 0.000000 1.000000
0.990820 0.123750 0.054412 1.134120 -0.108047 0.966839 -0.231405 96.339905 -0.081244 0.223402 0.971335 12.305248 0.000000 0.000000 0.000000 1.000000
0.990136 0.137606 0.026367 1.303338 -0.128609 0.967292 -0.218646 95.481430 -0.055592 0.213099 0.975448 12.841475 0.000000 0.000000 0.000000 1.000000
0.986967 0.148441 -0.062133 1.707510 -0.157947 0.967486 -0.197543 94.842140 0.030789 0.204782 0.978323 13.277165 0.000000 0.000000 0.000000 1.000000
0.970855 0.147391 -0.188987 2.273511 -0.179871 0.969214 -0.168137 94.469177 0.158387 0.197230 0.967478 13.468996 0.000000 0.000000 0.000000 1.000000
0.936801 0.129588 -0.324978 2.929239 -0.182657 0.973388 -0.138391 94.249901 0.298396 0.189005 0.935541 13.346984 0.000000 0.000000 0.000000 1.000000
0.885245 0.101985 -0.453806 3.592661 -0.171929 0.978312 -0.115526 94.143074 0.432182 0.180291 0.883580 12.950502 0.000000 0.000000 0.000000 1.000000
0.818509 0.072595 -0.569888 4.133807 -0.156144 0.982753 -0.099077 94.104126 0.552867 0.170080 0.815727 12.294987 0.000000 0.000000 0.000000 1.000000
0.742993 0.044052 -0.667848 4.499958 -0.139804 0.986035 -0.090494 94.110825 0.654535 0.160604 0.738776 11.446417 0.000000 0.000000 0.000000 1.000000
0.670381 0.016021 -0.741844 4.741446 -0.124479 0.988027 -0.091150 94.078789 0.731502 0.153449 0.664348 10.482998 0.000000 0.000000 0.000000 1.000000
0.610614 -0.010779 -0.791855 4.897382 -0.109923 0.989074 -0.098228 93.829407 0.784262 0.147023 0.602758 9.403217 0.000000 0.000000 0.000000 1.000000
0.565004 -0.033428 -0.824411 4.961494 -0.095982 0.989732 -0.105912 93.311615 0.819487 0.138969 0.555994 8.227986 0.000000 0.000000 0.000000 1.000000
0.528559 -0.049746 -0.847438 4.892695 -0.082548 0.990539 -0.109632 92.631981 0.844873 0.127901 0.519452 6.995168 0.000000 0.000000 0.000000 1.000000
0.497387 -0.059829 -0.865463 4.659590 -0.070001 0.991598 -0.108779 91.957733 0.864700 0.114688 0.489020 5.779818 0.000000 0.000000 0.000000 1.000000
0.471811 -0.065364 -0.879273 4.269434 -0.058557 0.992724 -0.105219 91.423042 0.879753 0.101131 0.464551 4.673707 0.000000 0.000000 0.000000 1.000000
0.453036 -0.067810 -0.888910 3.770204 -0.048034 0.993798 -0.100293 91.089401 0.890197 0.088134 0.446969 3.725864 0.000000 0.000000 0.000000 1.000000
0.440173 -0.067802 -0.895350 3.228801 -0.039071 0.994754 -0.094538 90.980385 0.897063 0.076595 0.435214 2.948172 0.000000 0.000000 0.000000 1.000000
0.431374 -0.066757 -0.899700 2.693253 -0.031595 0.995529 -0.089016 91.079185 0.901620 0.066825 0.427336 2.308003 0.000000 0.000000 0.000000 1.000000
0.425258 -0.066189 -0.902649 2.190057 -0.025013 0.996082 -0.084824 91.324219 0.904726 0.058650 0.421936 1.775840 0.000000 0.000000 0.000000 1.000000
0.421102 -0.066562 -0.904568 1.724322 -0.018728 0.996453 -0.082042 91.638916 0.906820 0.051489 0.418362 1.340162 0.000000 0.000000 0.000000 1.000000
0.418684 -0.067402 -0.905627 1.291789 -0.012948 0.996697 -0.080166 91.957581 0.908039 0.045290 0.416429 0.994893 0.000000 0.000000 0.000000 1.000000
0.418103 -0.068144 -0.905840 0.892133 -0.008392 0.996850 -0.078864 92.241447 0.908361 0.040575 0.416214 0.726670 0.000000 0.000000 0.000000 1.000000
0.419376 -0.068515 -0.905223 0.527566 -0.005450 0.996940 -0.077982 92.469849 0.907796 0.037637 0.417719 0.517697 0.000000 0.000000 0.000000 1.000000
0.422283 -0.068419 -0.903879 0.195901 -0.003971 0.996998 -0.077323 92.631927 0.906456 0.036241 0.420743 0.354027 0.000000 0.000000 0.000000 1.000000
0.426542 -0.067777 -0.901925 -0.106388 -0.003504 0.997057 -0.076583 92.727379 0.904461 0.035826 0.425049 0.228963 0.000000 0.000000 0.000000 1.000000
0.432091 -0.066504 -0.899374 -0.377560 -0.003628 0.997141 -0.075477 92.762466 0.901823 0.035875 0.430615 0.139171 0.000000 0.000000 0.000000 1.000000
0.439248 -0.064612 -0.896040 -0.609311 -0.004114 0.997255 -0.073927 92.742592 0.898357 0.036158 0.437776 0.081759 0.000000 0.000000 0.000000 1.000000
0.448368 -0.062462 -0.891664 -0.790747 -0.004446 0.997387 -0.072103 92.680779 0.893838 0.036293 0.446919 0.046582 0.000000 0.000000 0.000000 1.000000</float_array><technique_common><accessor source="#mixamorig_Hips-Matrix-animation-output-transform-array" count="61" stride="16"><param type="float4x4"/></accessor></technique_common></source><source id="mixamorig_Hips-Interpolations"><Name_array id="mixamorig_Hips-Interpolations-array" count="61">
 LINEAR LINEAR LINEAR LINEAR LINEAR LINEAR LINEAR LINEAR LINEAR LINEAR LINEAR
LINEAR LINEAR LINEAR LINEAR LINEAR LINEAR LINEAR LINEAR LINEAR LINEAR LINEAR LINEAR
LINEAR LINEAR LINEAR LINEAR LINEAR LINEAR LINEAR LINEAR LINEAR LINEAR LINEAR LINEAR
LINEAR LINEAR LINEAR LINEAR LINEAR LINEAR LINEAR LINEAR LINEAR LINEAR LINEAR LINEAR
LINEAR LINEAR LINEAR LINEAR LINEAR LINEAR LINEAR LINEAR LINEAR LINEAR LINEAR LINEAR
LINEAR LINEAR</Name_array><technique_common><accessor source="#mixamorig_Hips-Interpolations-array" count="61"><param type="name"/></accessor></technique_common></source><sampler id="mixamorig_Hips-Matrix-animation-transform"><input semantic="INPUT" source="#mixamorig_Hips-Matrix-animation-input"/><input semantic="OUTPUT" source="#mixamorig_Hips-Matrix-animation-output-transform"/><input semantic="INTERPOLATION" source="#mixamorig_Hips-Interpolations"/></sampler><channel source="#mixamorig_Hips-Matrix-animation-transform" target="mixamorig_Hips/matrix"/></animation>
    <animation id="mixamorig_Spine-anim" name="mixamorig_Spine"><source id="mixamorig_Spine-Matrix-animation-input"><float_array id="mixamorig_Spine-Matrix-animation-input-array" count="61">

0.000000 0.033333 0.066667 0.100000 0.133333 0.166667 0.200000 0.233333 0.266667 0.300000 0.333333 0.366667 0.400000 0.433333 0.466667 0.500000
0.533333 0.566667 0.600000 0.633333 0.666667 0.700000 0.733333 0.766667 0.800000 0.833333 0.866667 0.900000 0.933333 0.966667 1.000000 1.033333
1.066667 1.100000 1.133333 1.166667 1.200000 1.233333 1.266667 1.300000 1.333333 1.366667 1.400000 1.433333 1.466667 1.500000 1.533333 1.566667
1.600000 1.633333 1.666667 1.700000 1.733333 1.766667 1.800000 1.833333 1.866667 1.900000 1.933333 1.966667 2.000000</float_array><technique_common><accessor source="#mixamorig_Spine-Matrix-animation-input-array" count="61"><param name="TIME" type="float"/></accessor></technique_common></source><source id="mixamorig_Spine-Matrix-animation-output-transform"><float_array id="mixamorig_Spine-Matrix-animation-output-transform-array" count="976">

0.999124 0.015010 0.039067 -0.038100 -0.011199 0.995317 -0.096010 9.490500 -0.040325 0.095488 0.994613 -1.392100 0.000000 0.000000 0.000000 1.000000
0.999113 0.014697 0.039461 -0.038100 -0.010851 0.995327 -0.095955 9.490500 -0.040687 0.095441 0.994603 -1.392100 0.000000 0.000000 0.000000 1.000000
0.999109 0.014335 0.039685 -0.038100 -0.010470 0.995332 -0.095939 9.490500 -0.040875 0.095438 0.994596 -1.392100 0.000000 0.000000 0.000000 1.000000
0.999113 0.014154 0.039654 -0.038100 -0.010292 0.995333 -0.095954 9.490500 -0.040827 0.095460 0.994596 -1.392100 0.000000 0.000000 0.000000 1.000000
0.999120 0.014308 0.039423 -0.038100 -0.010468 0.995332 -0.095936 9.490500 -0.040612 0.095439 0.994607 -1.392100 0.000000 0.000000 0.000000 1.000000
0.999132 0.014652 0.039002 -0.038100 -0.010857 0.995341 -0.095799 9.490500 -0.040224 0.095293 0.994636 -1.392100 0.000000 0.000000 0.000000 1.000000
0.999157 0.014914 0.038246 -0.038100 -0.011200 0.995363 -0.095534 9.490500 -0.039494 0.095025 0.994691 -1.392100 0.000000 0.000000 0.000000 1.000000
0.999198 0.014924 0.037162 -0.038100 -0.011325 0.995389 -0.095248 9.490500 -0.038412 0.094751 0.994760 -1.392100 0.000000 0.000000 0.000000 1.000000
0.999239 0.014507 0.036204 -0.038100 -0.011008 0.995413 -0.095032 9.490500 -0.037416 0.094561 0.994816 -1.392100 0.000000 0.000000 0.000000 1.000000
0.999269 0.013386 0.035805 -0.038100 -0.009934 0.995438 -0.094893 9.490500 -0.036912 0.094468 0.994843 -1.392100 0.000000 0.000000 0.000000 1.000000
0.999304 0.011218 0.035576 -0.038100 -0.007797 0.995459 -0.094872 9.490500 -0.036479 0.094529 0.994854 -1.392100 0.000000 0.000000 0.000000 1.000000
0.999382 0.007760 0.034281 -0.038100 -0.004471 0.995467 -0.095004 9.490500 -0.034863 0.094792 0.994886 -1.392100 0.000000 0.000000 0.000000 1.000000
0.999519 0.002998 0.030863 -0.038100 -0.000045 0.995454 -0.095238 9.490500 -0.031008 0.095191 0.994976 -1.392100 0.000000 0.000000 0.000000 1.000000
0.999681 -0.002532 0.025117 -0.038100 0.004920 0.995418 -0.095487 9.490500 -0.024760 0.095580 0.995114 -1.392100 0.000000 0.000000 0.000000 1.000000
0.999817 -0.007853 0.017426 -0.038100 0.009486 0.995368 -0.095669 9.490500 -0.016594 0.095817 0.995261 -1.392100 0.000000 0.000000 0.000000 1.000000
0.999888 -0.012436 0.008347 -0.038100 0.013178 0.995320 -0.095735 9.490500 -0.007117 0.095834 0.995372 -1.392100 0.000000 0.000000 0.000000 1.000000
0.999861 -0.016577 -0.001512 -0.038100 0.016357 0.995296 -0.095489 9.490500 0.003087 0.095451 0.995429 -1.392100 0.000000 0.000000 0.000000 1.000000
0.999726 -0.020455 -0.011353 -0.038100 0.019290 0.995325 -0.094641 9.490500 0.013235 0.094396 0.995447 -1.392100 0.000000 0.000000 0.000000 1.000000
0.999510 -0.023833 -0.020289 -0.038100 0.021845 0.995415 -0.093127 9.490500 0.022415 0.092638 0.995448 -1.392100 0.000000 0.000000 0.000000 1.000000
0.999263 -0.026476 -0.027808 -0.038100 0.023852 0.995585 -0.090788 9.490500 0.030089 0.090058 0.995482 -1.392100 0.000000 0.000000 0.000000 1.000000
0.999013 -0.028764 -0.033853 -0.038100 0.025731 0.995889 -0.086848 9.490500 0.036212 0.085891 0.995646 -1.392100 0.000000 0.000000 0.000000 1.000000
0.998774 -0.030648 -0.038863 -0.038100 0.027445 0.996381 -0.080451 9.490500 0.041188 0.079286 0.996001 -1.392100 0.000000 0.000000 0.000000 1.000000
0.998542 -0.031276 -0.044002 -0.038100 0.028062 0.997020 -0.071852 9.490500 0.046118 0.070513 0.996444 -1.392100 0.000000 0.000000 0.000000 1.000000
0.998337 -0.028176 -0.050292 -0.038100 0.025020 0.997742 -0.062323 9.490500 0.051934 0.060961 0.996788 -1.392100 0.000000 0.000000 0.000000 1.000000
0.998189 -0.020353 -0.056603 -0.038100 0.017367 0.998457 -0.052741 9.490500 0.057589 0.051662 0.997003 -1.392100 0.000000 0.000000 0.000000 1.000000
0.998190 -0.008183 -0.059579 -0.038100 0.005615 0.999053 -0.043140 9.490500 0.059876 0.042728 0.997291 -1.392100 0.000000 0.000000 0.000000 1.000000
0.998386 0.006006 -0.056467 -0.038100 -0.007959 0.999376 -0.034415 9.490500 0.056225 0.034809 0.997811 -1.392100 0.000000 0.000000 0.000000 1.000000
0.998746 0.018739 -0.046434 -0.038100 -0.020107 0.999372 -0.029182 9.490500 0.045858 0.030079 0.998495 -1.392100 0.000000 0.000000 0.000000 1.000000
0.999286 0.026140 -0.027265 -0.038100 -0.026966 0.999175 -0.030358 9.490500 0.026449 0.031072 0.999167 -1.392100 0.000000 0.000000 0.000000 1.000000
0.999505 0.031242 0.003712 -0.038100 -0.031073 0.998749 -0.039172 9.490500 -0.004931 0.039037 0.999226 -1.392100 0.000000 0.000000 0.000000 1.000000
0.998520 0.035052 0.041576 -0.038100 -0.032806 0.998028 -0.053523 9.490500 -0.043370 0.052080 0.997701 -1.392100 0.000000 0.000000 0.000000 1.000000
0.996432 0.036207 0.076235 -0.038100 -0.031065 0.997230 -0.067577 9.490500 -0.078471 0.064967 0.994797 -1.392100 0.000000 0.000000 0.000000 1.000000
0.994652 0.034536 0.097341 -0.038100 -0.027134 0.996710 -0.076367 9.490500 -0.099659 0.073318 0.992317 -1.392100 0.000000 0.000000 0.000000 1.000000
0.994464 0.029903 0.100728 -0.038100 -0.021887 0.996574 -0.079759 9.490500 -0.102768 0.077113 0.991712 -1.392100 0.000000 0.000000 0.000000 1.000000
0.995529 0.025203 0.091035 -0.038100 -0.017774 0.996514 -0.081507 9.490500 -0.092772 0.079525 0.992507 -1.392100 0.000000 0.000000 0.000000 1.000000
0.996684 0.024360 0.077639 -0.038100 -0.017793 0.996292 -0.084178 9.490500 -0.079402 0.082517 0.993421 -1.392100 0.000000 0.000000 0.000000 1.000000
0.997370 0.026658 0.067397 -0.038100 -0.020818 0.996084 -0.085921 9.490500 -0.069424 0.084292 0.994020 -1.392100 0.000000 0.000000 0.000000 1.000000
0.997706 0.030384 0.060494 -0.038100 -0.025175 0.996055 -0.085088 9.490500 -0.062841 0.083370 0.994535 -1.392100 0.000000 0.000000 0.000000 1.000000
0.997939 0.033341 0.054828 -0.038100 -0.028690 0.996092 -0.083527 9.490500 -0.057399 0.081782 0.994996 -1.392100 0.000000 0.000000 0.000000 1.000000
0.998129 0.034670 0.050360 -0.038100 -0.030379 0.996036 -0.083598 9.490500 -0.053059 0.081911 0.995226 -1.392100 0.000000 0.000000 0.000000 1.000000
0.998248 0.035088 0.047637 -0.038100 -0.030923 0.995855 -0.085533 9.490500 -0.050441 0.083910 0.995196 -1.392100 0.000000 0.000000 0.000000 1.000000
0.998333 0.035108 0.045818 -0.038100 -0.030974 0.995638 -0.088013 9.490500 -0.048708 0.086447 0.995065 -1.392100 0.000000 0.000000 0.000000 1.000000
0.998457 0.033761 0.044097 -0.038100 -0.029690 0.995506 -0.089924 9.490500 -0.046935 0.088476 0.994972 -1.392100 0.000000 0.000000 0.000000 1.000000
0.998608 0.030877 0.042772 -0.038100 -0.026862 0.995447 -0.091457 9.490500 -0.045401 0.090181 0.994890 -1.392100 0.000000 0.000000 0.000000 1.000000
0.998730 0.027376 0.042301 -0.038100 -0.023329 0.995358 -0.093371 9.490500 -0.044661 0.092265 0.994732 -1.392100 0.000000 0.000000 0.000000 1.000000
0.998806 0.024768 0.042101 -0.038100 -0.020639 0.995183 -0.095842 9.490500 -0.044272 0.094859 0.994506 -1.392100 0.000000 0.000000 0.000000 1.000000
0.998880 0.023266 0.041211 -0.038100 -0.019125 0.994985 -0.098179 9.490500 -0.043289 0.097281 0.994315 -1.392100 0.000000 0.000000 0.000000 1.000000
0.998973 0.022219 0.039489 -0.038100 -0.018189 0.994859 -0.099623 9.490500 -0.041500 0.098803 0.994241 -1.392100 0.000000 0.000000 0.000000 1.000000
0.999059 0.021433 0.037711 -0.038100 -0.017554 0.994798 -0.100339 9.490500 -0.039666 0.099583 0.994238 -1.392100 0.000000 0.000000 0.000000 1.000000
0.999120 0.020408 0.036633 -0.038100 -0.016616 0.994749 -0.100985 9.490500 -0.038501 0.100287 0.994213 -1.392100 0.000000 0.000000 0.000000 1.000000
0.999163 0.019169 0.036123 -0.038100 -0.015407 0.994698 -0.101675 9.490500 -0.037881 0.101033 0.994162 -1.392100 0.000000 0.000000 0.000000 1.000000
0.999196 0.017950 0.035853 -0.038100 -0.014210 0.994684 -0.101987 9.490500 -0.037493 0.101396 0.994139 -1.392100 0.000000 0.000000 0.000000 1.000000
0.999214 0.017170 0.035742 -0.038100 -0.013457 0.994729 -0.101648 9.490500 -0.037299 0.101087 0.994178 -1.392100 0.000000 0.000000 0.000000 1.000000
0.999214 0.016927 0.035837 -0.038100 -0.013239 0.994823 -0.100757 9.490500 -0.037357 0.100204 0.994265 -1.392100 0.000000 0.000000 0.000000 1.000000
0.999205 0.016853 0.036139 -0.038100 -0.013178 0.994938 -0.099621 9.490500 -0.037635 0.099066 0.994369 -1.392100 0.000000 0.000000 0.000000 1.000000
0.999193 0.016569 0.036602 -0.038100 -0.012890 0.995048 -0.098552 9.490500 -0.038054 0.098001 0.994459 -1.392100 0.000000 0.000000 0.000000 1.000000
0.999180 0.016077 0.037156 -0.038100 -0.012378 0.995137 -0.097716 9.490500 -0.038546 0.097176 0.994521 -1.392100 0.000000 0.000000 0.000000 1.000000
0.999167 0.015640 0.037704 -0.038100 -0.011913 0.995202 -0.097115 9.490500 -0.039042 0.096584 0.994559 -1.392100 0.000000 0.000000 0.000000 1.000000
0.999153 0.015414 0.038158 -0.038100 -0.011661 0.995248 -0.096673 9.490500 -0.039467 0.096146 0.994584 -1.392100 0.000000 0.000000 0.000000 1.000000
0.999140 0.015228 0.038560 -0.038100 -0.011452 0.995286 -0.096306 9.490500 -0.039844 0.095782 0.994605 -1.392100 0.000000 0.000000 0.000000 1.000000
0.999124 0.015010 0.039067 -0.038100 -0.011199 0.995317 -0.096010 9.490500 -0.040325 0.095488 0.994613 -1.392100 0.000000 0.000000 0.000000 1.000000</float_array><technique_common><accessor source="#mixamorig_Spine-Matrix-animation-output-transform-array" count="61" stride="16"><param type="float4x4"/></accessor></technique_common></source><source id="mixamorig_Spine-Interpolations"><Name_array id="mixamorig_Spine-Interpolations-array" count="61">
 LINEAR LINEAR LINEAR LINEAR LINEAR LINEAR LINEAR LINEAR LINEAR LINEAR LINEAR
LINEAR LINEAR LINEAR LINEAR LINEAR LINEAR LINEAR LINEAR LINEAR LINEAR LINEAR LINEAR
LINEAR LINEAR LINEAR LINEAR LINEAR LINEAR LINEAR LINEAR LINEAR LINEAR LINEAR LINEAR
LINEAR LINEAR LINEAR LINEAR LINEAR LINEAR LINEAR LINEAR LINEAR LINEAR LINEAR LINEAR
LINEAR LINEAR LINEAR LINEAR LINEAR LINEAR LINEAR LINEAR LINEAR LINEAR LINEAR LINEAR
LINEAR LINEAR</Name_array><technique_common><accessor source="#mixamorig_Spine-Interpolations-array" count="61"><param type="name"/></accessor></technique_common></source><sampler id="mixamorig_Spine-Matrix-animation-transform"><input semantic="INPUT" source="#mixamorig_Spine-Matrix-animation-input"/><input semantic="OUTPUT" source="#mixamorig_Spine-Matrix-animation-output-transform"/><input semantic="INTERPOLATION" source="#mixamorig_Spine-Interpolations"/></sampler><channel source="#mixamorig_Spine-Matrix-animation-transform" target="mixamorig_Spine/matrix"/></animation>
    <animation id="mixamorig_Spine1-anim" name="mixamorig_Spine1"><source id="mixamorig_Spine1-Matrix-animation-input"><float_array id="mixamorig_Spine1-Matrix-animation-input-array" count="61">

0.000000 0.033333 0.066667 0.100000 0.133333 0.166667 0.200000 0.233333 0.266667 0.300000 0.333333 0.366667 0.400000 0.433333 0.466667 0.500000
0.533333 0.566667 0.600000 0.633333 0.666667 0.700000 0.733333 0.766667 0.800000 0.833333 0.866667 0.900000 0.933333 0.966667 1.000000 1.033333
1.066667 1.100000 1.133333 1.166667 1.200000 1.233333 1.266667 1.300000 1.333333 1.366667 1.400000 1.433333 1.466667 1.500000 1.533333 1.566667
1.600000 1.633333 1.666667 1.700000 1.733333 1.766667 1.800000 1.833333 1.866667 1.900000 1.933333 1.966667 2.000000</float_array><technique_common><accessor source="#mixamorig_Spine1-Matrix-animation-input-array" count="61"><param name="TIME" type="float"/></accessor></technique_common></source><source id="mixamorig_Spine1-Matrix-animation-output-transform"><float_array id="mixamorig_Spine1-Matrix-animation-output-transform-array" count="976">

0.998468 -0.025135 0.049287 -0.044200 0.030943 0.992187 -0.120865 11.072300 -0.045863 0.122205 0.991445 -1.624100 0.000000 0.000000 0.000000 1.000000
0.998431 -0.025583 0.049803 -0.044200 0.031448 0.992179 -0.120794 11.072300 -0.046323 0.122171 0.991427 -1.624100 0.000000 0.000000 0.000000 1.000000
0.998402 -0.026082 0.050131 -0.044200 0.031985 0.992161 -0.120804 11.072300 -0.046587 0.122214 0.991410 -1.624100 0.000000 0.000000 0.000000 1.000000
0.998389 -0.026522 0.050167 -0.044200 0.032428 0.992142 -0.120842 11.072300 -0.046568 0.122274 0.991403 -1.624100 0.000000 0.000000 0.000000 1.000000
0.998390 -0.026822 0.049982 -0.044200 0.032703 0.992134 -0.120836 11.072300 -0.046347 0.122276 0.991413 -1.624100 0.000000 0.000000 0.000000 1.000000
0.998409 -0.026845 0.049586 -0.044200 0.032674 0.992145 -0.120749 11.072300 -0.045955 0.122177 0.991444 -1.624100 0.000000 0.000000 0.000000 1.000000
0.998458 -0.026453 0.048798 -0.044200 0.032179 0.992185 -0.120551 11.072300 -0.045227 0.121936 0.991507 -1.624100 0.000000 0.000000 0.000000 1.000000
0.998529 -0.025904 0.047623 -0.044200 0.031475 0.992248 -0.120222 11.072300 -0.044140 0.121544 0.991604 -1.624100 0.000000 0.000000 0.000000 1.000000
0.998571 -0.026126 0.046629 -0.044200 0.031560 0.992286 -0.119889 11.072300 -0.043137 0.121189 0.991692 -1.624100 0.000000 0.000000 0.000000 1.000000
0.998530 -0.028072 0.046359 -0.044200 0.033459 0.992228 -0.119854 11.072300 -0.042634 0.121229 0.991709 -1.624100 0.000000 0.000000 0.000000 1.000000
0.998425 -0.031686 0.046305 -0.044200 0.037059 0.992058 -0.120198 11.072300 -0.042128 0.121725 0.991669 -1.624100 0.000000 0.000000 0.000000 1.000000
0.998334 -0.036223 0.044913 -0.044200 0.041418 0.991823 -0.120712 11.072300 -0.040173 0.122371 0.991671 -1.624100 0.000000 0.000000 0.000000 1.000000
0.998312 -0.041245 0.040881 -0.044200 0.045941 0.991525 -0.121522 11.072300 -0.035522 0.123195 0.991746 -1.624100 0.000000 0.000000 0.000000 1.000000
0.998348 -0.046334 0.033970 -0.044200 0.050184 0.991143 -0.122953 11.072300 -0.027972 0.124454 0.991831 -1.624100 0.000000 0.000000 0.000000 1.000000
0.998401 -0.050875 0.024634 -0.044200 0.053561 0.990756 -0.124634 11.072300 -0.018065 0.125754 0.991897 -1.624100 0.000000 0.000000 0.000000 1.000000
0.998409 -0.054749 0.013483 -0.044200 0.056011 0.990507 -0.125532 11.072300 -0.006482 0.126088 0.991998 -1.624100 0.000000 0.000000 0.000000 1.000000
0.998304 -0.058207 0.001211 -0.044200 0.057902 0.990475 -0.124929 11.072300 0.006072 0.124788 0.992165 -1.624100 0.000000 0.000000 0.000000 1.000000
0.998078 -0.060944 -0.011188 -0.044200 0.059114 0.990659 -0.122881 11.072300 0.018572 0.121984 0.992358 -1.624100 0.000000 0.000000 0.000000 1.000000
0.997807 -0.062215 -0.022583 -0.044200 0.059081 0.991038 -0.119807 11.072300 0.029834 0.118210 0.992540 -1.624100 0.000000 0.000000 0.000000 1.000000
0.997569 -0.061738 -0.032314 -0.044200 0.057618 0.991602 -0.115783 11.072300 0.039191 0.113640 0.992749 -1.624100 0.000000 0.000000 0.000000 1.000000
0.997380 -0.060023 -0.040388 -0.044200 0.055261 0.992377 -0.110153 11.072300 0.046691 0.107633 0.993094 -1.624100 0.000000 0.000000 0.000000 1.000000
0.997227 -0.057415 -0.047356 -0.044200 0.052349 0.993401 -0.102053 11.072300 0.052903 0.099291 0.993651 -1.624100 0.000000 0.000000 0.000000 1.000000
0.997128 -0.052521 -0.054556 -0.044200 0.047375 0.994661 -0.091681 11.072300 0.059079 0.088833 0.994293 -1.624100 0.000000 0.000000 0.000000 1.000000
0.997106 -0.042198 -0.063236 -0.044200 0.037021 0.996034 -0.080907 11.072300 0.066399 0.078331 0.994714 -1.624100 0.000000 0.000000 0.000000 1.000000
0.997106 -0.024117 -0.072099 -0.044200 0.018929 0.997240 -0.071798 11.072300 0.073631 0.070225 0.994810 -1.624100 0.000000 0.000000 0.000000 1.000000
0.997033 0.000179 -0.076975 -0.044200 -0.005200 0.997870 -0.065032 11.072300 0.076799 0.065240 0.994910 -1.624100 0.000000 0.000000 0.000000 1.000000
0.996919 0.025182 -0.074287 -0.044200 -0.029713 0.997724 -0.060533 11.072300 0.072593 0.062554 0.995398 -1.624100 0.000000 0.000000 0.000000 1.000000
0.997040 0.044550 -0.062669 -0.044200 -0.048247 0.997105 -0.058775 11.072300 0.059869 0.061625 0.996302 -1.624100 0.000000 0.000000 0.000000 1.000000
0.997911 0.051344 -0.039207 -0.044200 -0.053627 0.996782 -0.059583 11.072300 0.036022 0.061561 0.997453 -1.624100 0.000000 0.000000 0.000000 1.000000
0.999138 0.041513 -0.000365 -0.044200 -0.041465 0.997481 -0.057557 11.072300 -0.002025 0.057522 0.998342 -1.624100 0.000000 0.000000 0.000000 1.000000
0.998538 0.023870 0.048490 -0.044200 -0.021472 0.998549 -0.049385 11.072300 -0.049599 0.048272 0.997602 -1.624100 0.000000 0.000000 0.000000 1.000000
0.995595 0.010298 0.093189 -0.044200 -0.006591 0.999178 -0.040000 11.072300 -0.093525 0.039210 0.994845 -1.624100 0.000000 0.000000 0.000000 1.000000
0.992721 0.006841 0.120243 -0.044200 -0.002518 0.999346 -0.036066 11.072300 -0.120411 0.035501 0.992089 -1.624100 0.000000 0.000000 0.000000 1.000000
0.992179 0.010637 0.124373 -0.044200 -0.005611 0.999156 -0.040690 11.072300 -0.124701 0.039674 0.991401 -1.624100 0.000000 0.000000 0.000000 1.000000
0.993644 0.014776 0.111598 -0.044200 -0.008846 0.998531 -0.053449 11.072300 -0.112224 0.052122 0.992315 -1.624100 0.000000 0.000000 0.000000 1.000000
0.995396 0.017161 0.094295 -0.044200 -0.010565 0.997490 -0.070011 11.072300 -0.095260 0.068692 0.993080 -1.624100 0.000000 0.000000 0.000000 1.000000
0.996482 0.020948 0.081144 -0.044200 -0.014176 0.996437 -0.083143 11.072300 -0.082597 0.081700 0.993229 -1.624100 0.000000 0.000000 0.000000 1.000000
0.997033 0.025788 0.072525 -0.044200 -0.019341 0.995912 -0.088233 11.072300 -0.074503 0.086569 0.993456 -1.624100 0.000000 0.000000 0.000000 1.000000
0.997465 0.027426 0.065664 -0.044200 -0.021396 0.995636 -0.090831 11.072300 -0.067868 0.089196 0.993699 -1.624100 0.000000 0.000000 0.000000 1.000000
0.997808 0.026929 0.060453 -0.044200 -0.021048 0.995169 -0.095899 11.072300 -0.062743 0.094416 0.993554 -1.624100 0.000000 0.000000 0.000000 1.000000
0.998002 0.025889 0.057630 -0.044200 -0.019987 0.994713 -0.100730 11.072300 -0.059933 0.099377 0.993243 -1.624100 0.000000 0.000000 0.000000 1.000000
0.998138 0.024415 0.055890 -0.044200 -0.018502 0.994408 -0.103977 11.072300 -0.058116 0.102749 0.993008 -1.624100 0.000000 0.000000 0.000000 1.000000
0.998312 0.021649 0.053901 -0.044200 -0.015809 0.994186 -0.106512 11.072300 -0.055893 0.105480 0.992849 -1.624100 0.000000 0.000000 0.000000 1.000000
0.998498 0.016539 0.052224 -0.044200 -0.010750 0.993957 -0.109243 11.072300 -0.053715 0.108517 0.992642 -1.624100 0.000000 0.000000 0.000000 1.000000
0.998617 0.009359 0.051735 -0.044200 -0.003471 0.993617 -0.112752 11.072300 -0.052461 0.112416 0.992275 -1.624100 0.000000 0.000000 0.000000 1.000000
0.998651 0.002013 0.051881 -0.044200 0.004091 0.993092 -0.117271 11.072300 -0.051759 0.117325 0.991744 -1.624100 0.000000 0.000000 0.000000 1.000000
0.998678 -0.003839 0.051264 -0.044200 0.010076 0.992482 -0.121976 11.072300 -0.050410 0.122332 0.991208 -1.624100 0.000000 0.000000 0.000000 1.000000
0.998744 -0.008111 0.049450 -0.044200 0.014268 0.991997 -0.125455 11.072300 -0.048036 0.126003 0.990866 -1.624100 0.000000 0.000000 0.000000 1.000000
0.998805 -0.011730 0.047454 -0.044200 0.017699 0.991694 -0.127394 11.072300 -0.045566 0.128082 0.990716 -1.624100 0.000000 0.000000 0.000000 1.000000
0.998815 -0.015203 0.046232 -0.044200 0.021042 0.991478 -0.128563 11.072300 -0.043883 0.129383 0.990623 -1.624100 0.000000 0.000000 0.000000 1.000000
0.998790 -0.018152 0.045696 -0.044200 0.023931 0.991319 -0.129281 11.072300 -0.042952 0.130218 0.990555 -1.624100 0.000000 0.000000 0.000000 1.000000
0.998765 -0.020115 0.045433 -0.044200 0.025844 0.991274 -0.129259 11.072300 -0.042437 0.130274 0.990569 -1.624100 0.000000 0.000000 0.000000 1.000000
0.998746 -0.021229 0.045337 -0.044200 0.026899 0.991365 -0.128344 11.072300 -0.042221 0.129403 0.990693 -1.624100 0.000000 0.000000 0.000000 1.000000
0.998722 -0.022088 0.045462 -0.044200 0.027699 0.991549 -0.126745 11.072300 -0.042278 0.127842 0.990893 -1.624100 0.000000 0.000000 0.000000 1.000000
0.998683 -0.023068 0.045821 -0.044200 0.028642 0.991746 -0.124981 11.072300 -0.042559 0.126129 0.991101 -1.624100 0.000000 0.000000 0.000000 1.000000
0.998634 -0.024060 0.046376 -0.044200 0.029635 0.991894 -0.123561 11.072300 -0.043027 0.124767 0.991253 -1.624100 0.000000 0.000000 0.000000 1.000000
0.998584 -0.024830 0.047049 -0.044200 0.030443 0.991989 -0.122605 11.072300 -0.043628 0.123863 0.991340 -1.624100 0.000000 0.000000 0.000000 1.000000
0.998542 -0.025248 0.047719 -0.044200 0.030912 0.992053 -0.121967 11.072300 -0.044261 0.123264 0.991386 -1.624100 0.000000 0.000000 0.000000 1.000000
0.998514 -0.025317 0.048264 -0.044200 0.031028 0.992104 -0.121519 11.072300 -0.044807 0.122836 0.991415 -1.624100 0.000000 0.000000 0.000000 1.000000
0.998494 -0.025220 0.048716 -0.044200 0.030972 0.992147 -0.121179 11.072300 -0.045277 0.122505 0.991435 -1.624100 0.000000 0.000000 0.000000 1.000000
0.998468 -0.025135 0.049287 -0.044200 0.030943 0.992187 -0.120865 11.072300 -0.045864 0.122205 0.991445 -1.624100 0.000000 0.000000 0.000000 1.000000</float_array><technique_common><accessor source="#mixamorig_Spine1-Matrix-animation-output-transform-array" count="61" stride="16"><param type="float4x4"/></accessor></technique_common></source><source id="mixamorig_Spine1-Interpolations"><Name_array id="mixamorig_Spine1-Interpolations-array" count="61">
 LINEAR LINEAR LINEAR LINEAR LINEAR LINEAR LINEAR LINEAR LINEAR LINEAR LINEAR
LINEAR LINEAR LINEAR LINEAR LINEAR LINEAR LINEAR LINEAR LINEAR LINEAR LINEAR LINEAR
LINEAR LINEAR LINEAR LINEAR LINEAR LINEAR LINEAR LINEAR LINEAR LINEAR LINEAR LINEAR
LINEAR LINEAR LINEAR LINEAR LINEAR LINEAR LINEAR LINEAR LINEAR LINEAR LINEAR LINEAR
LINEAR LINEAR LINEAR LINEAR LINEAR LINEAR LINEAR LINEAR LINEAR LINEAR LINEAR LINEAR
LINEAR LINEAR</Name_array><technique_common><accessor source="#mixamorig_Spine1-Interpolations-array" count="61"><param type="name"/></accessor></technique_common></source><sampler id="mixamorig_Spine1-Matrix-animation-transform"><input semantic="INPUT" source="#mixamorig_Spine1-Matrix-animation-input"/><input semantic="OUTPUT" source="#mixamorig_Spine1-Matrix-animation-output-transform"/><input semantic="INTERPOLATION" source="#mixamorig_Spine1-Interpolations"/></sampler><channel source="#mixamorig_Spine1-Matrix-animation-transform" target="mixamorig_Spine1/matrix"/></animation>
    <animation id="mixamorig_Spine2-anim" name="mixamorig_Spine2"><source id="mixamorig_Spine2-Matrix-animation-input"><float_array id="mixamorig_Spine2-Matrix-animation-input-array" count="61">

0.000000 0.033333 0.066667 0.100000 0.133333 0.166667 0.200000 0.233333 0.266667 0.300000 0.333333 0.366667 0.400000 0.433333 0.466667 0.500000
0.533333 0.566667 0.600000 0.633333 0.666667 0.700000 0.733333 0.766667 0.800000 0.833333 0.866667 0.900000 0.933333 0.966667 1.000000 1.033333
1.066667 1.100000 1.133333 1.166667 1.200000 1.233333 1.266667 1.300000 1.333333 1.366667 1.400000 1.433333 1.466667 1.500000 1.533333 1.566667
1.600000 1.633333 1.666667 1.700000 1.733333 1.766667 1.800000 1.833333 1.866667 1.900000 1.933333 1.966667 2.000000</float_array><technique_common><accessor source="#mixamorig_Spine2-Matrix-animation-input-array" count="61"><param name="TIME" type="float"/></accessor></technique_common></source><source id="mixamorig_Spine2-Matrix-animation-output-transform"><float_array id="mixamorig_Spine2-Matrix-animation-output-transform-array" count="976">

0.998184 -0.024808 0.054891 -0.050500 0.031209 0.992401 -0.119026 12.654000 -0.051521 0.120523 0.991373 -1.856100 0.000000 0.000000 0.000000 1.000000
0.998145 -0.025258 0.055398 -0.050500 0.031713 0.992395 -0.118939 12.654000 -0.051973 0.120475 0.991355 -1.856100 0.000000 0.000000 0.000000 1.000000
0.998115 -0.025760 0.055710 -0.050500 0.032251 0.992377 -0.118942 12.654000 -0.052221 0.120514 0.991337 -1.856100 0.000000 0.000000 0.000000 1.000000
0.998101 -0.026202 0.055744 -0.050500 0.032697 0.992358 -0.118979 12.654000 -0.052200 0.120575 0.991331 -1.856100 0.000000 0.000000 0.000000 1.000000
0.998102 -0.026501 0.055588 -0.050500 0.032975 0.992350 -0.118968 12.654000 -0.052010 0.120575 0.991341 -1.856100 0.000000 0.000000 0.000000 1.000000
0.998122 -0.026528 0.055208 -0.050500 0.032951 0.992361 -0.118888 12.654000 -0.051632 0.120484 0.991372 -1.856100 0.000000 0.000000 0.000000 1.000000
0.998180 -0.026147 0.054350 -0.050500 0.032461 0.992395 -0.118737 12.654000 -0.050832 0.120285 0.991437 -1.856100 0.000000 0.000000 0.000000 1.000000
0.998264 -0.025606 0.053037 -0.050500 0.031752 0.992447 -0.118492 12.654000 -0.049603 0.119970 0.991538 -1.856100 0.000000 0.000000 0.000000 1.000000
0.998316 -0.025830 0.051948 -0.050500 0.031830 0.992477 -0.118220 12.654000 -0.048503 0.119674 0.991628 -1.856100 0.000000 0.000000 0.000000 1.000000
0.998275 -0.027780 0.051719 -0.050500 0.033740 0.992419 -0.118177 12.654000 -0.048044 0.119718 0.991645 -1.856100 0.000000 0.000000 0.000000 1.000000
0.998165 -0.031405 0.051776 -0.050500 0.037364 0.992253 -0.118482 12.654000 -0.047654 0.120199 0.991605 -1.856100 0.000000 0.000000 0.000000 1.000000
0.998082 -0.035951 0.050401 -0.050500 0.041743 0.992012 -0.119036 12.654000 -0.045719 0.120911 0.991610 -1.856100 0.000000 0.000000 0.000000 1.000000
0.998090 -0.040987 0.046210 -0.050500 0.046282 0.991691 -0.120031 12.654000 -0.040907 0.121941 0.991694 -1.856100 0.000000 0.000000 0.000000 1.000000
0.998175 -0.046106 0.038987 -0.050500 0.050543 0.991271 -0.121770 12.654000 -0.033032 0.123518 0.991792 -1.856100 0.000000 0.000000 0.000000 1.000000
0.998287 -0.050663 0.029277 -0.050500 0.053916 0.990839 -0.123815 12.654000 -0.022736 0.125181 0.991873 -1.856100 0.000000 0.000000 0.000000 1.000000
0.998354 -0.054509 0.017817 -0.050500 0.056315 0.990547 -0.125082 12.654000 -0.010830 0.125879 0.991986 -1.856100 0.000000 0.000000 0.000000 1.000000
0.998307 -0.057919 0.005330 -0.050500 0.058131 0.990473 -0.124832 12.654000 0.001951 0.124931 0.992164 -1.856100 0.000000 0.000000 0.000000 1.000000
0.998133 -0.060637 -0.007291 -0.050500 0.059281 0.990622 -0.123103 12.654000 0.014687 0.122441 0.992367 -1.856100 0.000000 0.000000 0.000000 1.000000
0.997899 -0.061933 -0.019013 -0.050500 0.059212 0.990973 -0.120276 12.654000 0.026290 0.118897 0.992558 -1.856100 0.000000 0.000000 0.000000 1.000000
0.997678 -0.061520 -0.029210 -0.050500 0.057733 0.991524 -0.116394 12.654000 0.036123 0.114437 0.992773 -1.856100 0.000000 0.000000 0.000000 1.000000
0.997487 -0.059877 -0.037868 -0.050500 0.055359 0.992299 -0.110805 12.654000 0.044211 0.108431 0.993120 -1.856100 0.000000 0.000000 0.000000 1.000000
0.997320 -0.057319 -0.045471 -0.050500 0.052408 0.993333 -0.102677 12.654000 0.051053 0.100019 0.993675 -1.856100 0.000000 0.000000 0.000000 1.000000
0.997198 -0.052440 -0.053345 -0.050500 0.047371 0.994612 -0.092213 12.654000 0.057893 0.089427 0.994309 -1.856100 0.000000 0.000000 0.000000 1.000000
0.997137 -0.042065 -0.062841 -0.050500 0.036902 0.996016 -0.081178 12.654000 0.066005 0.078627 0.994717 -1.856100 0.000000 0.000000 0.000000 1.000000
0.997075 -0.023766 -0.072646 -0.050500 0.018563 0.997270 -0.071470 12.654000 0.074147 0.069912 0.994794 -1.856100 0.000000 0.000000 0.000000 1.000000
0.996939 0.000982 -0.078179 -0.050500 -0.005992 0.997940 -0.063871 12.654000 0.077956 0.064144 0.994891 -1.856100 0.000000 0.000000 0.000000 1.000000
