<?xml version="1.0" encoding="utf-8"?>
<COLLADA xmlns="http://www.collada.org/2005/11/COLLADASchema" version="1.4.1">
  <asset><contributor><author>Mixamo</author><authoring_tool>COLLADA Mixamo exporter</authoring_tool><comments></comments></contributor><created>2018-10-30T14:25:53Z</created><modified>2018-10-30T14:25:53Z</modified><revision></revision><title></title><unit meter="0.010000"/><up_axis>Y_UP</up_axis></asset>
  <library_animations>
    <animation id="mixamorig_Hips-anim" name="mixamorig_Hips"><source id="mixamorig_Hips-Matrix-animation-input"><float_array id="mixamorig_Hips-Matrix-animation-input-array" count="139">

0.000000 0.033333 0.066667 0.100000 0.133333 0.166667 0.200000 0.233333 0.266667 0.300000 0.333333 0.366667 0.400000 0.433333 0.466667 0.500000
0.533333 0.566667 0.600000 0.633333 0.666667 0.700000 0.733333 0.766667 0.800000 0.833333 0.866667 0.900000 0.933333 0.966667 1.000000 1.033333
1.066667 1.100000 1.133333 1.166667 1.200000 1.233333 1.266667 1.300000 1.333333 1.366667 1.400000 1.433333 1.466667 1.500000 1.533333 1.566667
1.600000 1.633333 1.666667 1.700000 1.733333 1.766667 1.800000 1.833333 1.866667 1.900000 1.933333 1.966667 2.000000 2.033333 2.066667 2.100000
2.133333 2.166667 2.200000 2.233333 2.266667 2.300000 2.333333 2.366667 2.400000 2.433333 2.466667 2.500000 2.533333 2.566667 2.600000 2.633333
2.666667 2.700000 2.733333 2.766667 2.800000 2.833333 2.866667 2.900000 2.933333 2.966667 3.000000 3.033333 3.066667 3.100000 3.133333 3.166667
3.200000 3.233333 3.266667 3.300000 3.333333 3.366667 3.400000 3.433333 3.466667 3.500000 3.533333 3.566667 3.600000 3.633333 3.666667 3.700000
3.733333 3.766667 3.800000 3.833333 3.866667 3.900000 3.933333 3.966667 4.000000 4.033333 4.066667 4.100000 4.133333 4.166667 4.200000 4.233333
4.266667 4.300000 4.333333 4.366667 4.400000 4.433333 4.466667 4.500000 4.533333 4.566667 4.600000</float_array><technique_common><accessor source="#mixamorig_Hips-Matrix-animation-input-array" count="139"><param name="TIME" type="float"/></accessor></technique_common></source><source id="mixamorig_Hips-Matrix-animation-output-transform"><float_array id="mixamorig_Hips-Matrix-animation-output-transform-array" count="2224">

0.998138 0.026083 -0.055133 -14.094640 -0.027177 0.999446 -0.019194 102.743729 0.054602 0.020657 0.998295 1.283263 0.000000 0.000000 0.000000 1.000000
0.998137 0.026465 -0.054972 -14.087930 -0.027565 0.999433 -0.019350 102.739090 0.054429 0.020829 0.998300 1.301335 0.000000 0.000000 0.000000 1.000000
0.998161 0.026934 -0.054301 -14.081738 -0.028041 0.999412 -0.019728 102.736740 0.053737 0.021214 0.998330 1.318279 0.000000 0.000000 0.000000 1.000000
0.998169 0.027441 -0.053906 -14.080531 -0.028562 0.999389 -0.020143 102.738823 0.053320 0.021646 0.998343 1.334438 0.000000 0.000000 0.000000 1.000000
0.998198 0.027828 -0.053155 -14.077886 -0.028953 0.999371 -0.020500 102.745407 0.052551 0.022002 0.998376 1.350143 0.000000 0.000000 0.000000 1.000000
0.998204 0.028395 -0.052743 -14.080021 -0.029517 0.999351 -0.020630 102.755493 0.052123 0.022150 0.998395 1.363495 0.000000 0.000000 0.000000 1.000000
0.998221 0.028765 -0.052227 -14.077304 -0.029875 0.999341 -0.020606 102.771225 0.051600 0.022130 0.998423 1.368250 0.000000 0.000000 0.000000 1.000000
0.998202 0.029130 -0.052392 -14.071252 -0.030220 0.999340 -0.020143 102.793884 0.051770 0.021690 0.998423 1.371359 0.000000 0.000000 0.000000 1.000000
0.998150 0.029195 -0.053323 -14.061285 -0.030271 0.999352 -0.019469 102.820129 0.052720 0.021047 0.998388 1.368038 0.000000 0.000000 0.000000 1.000000
0.998049 0.029120 -0.055223 -14.045787 -0.030207 0.999364 -0.018952 102.848846 0.054636 0.020583 0.998294 1.352560 0.000000 0.000000 0.000000 1.000000
0.997890 0.029268 -0.057952 -14.024656 -0.030341 0.999382 -0.017727 102.879333 0.057397 0.019448 0.998162 1.327040 0.000000 0.000000 0.000000 1.000000
0.997676 0.028406 -0.061934 -13.992028 -0.029486 0.999427 -0.016601 102.895569 0.061427 0.018388 0.997942 1.269438 0.000000 0.000000 0.000000 1.000000
0.997493 0.028571 -0.064737 -13.957529 -0.029649 0.999436 -0.015763 102.892189 0.064250 0.017643 0.997778 1.187929 0.000000 0.000000 0.000000 1.000000
0.997314 0.029546 -0.067027 -13.917793 -0.030608 0.999421 -0.014878 102.889137 0.066549 0.016890 0.997640 1.053531 0.000000 0.000000 0.000000 1.000000
0.997210 0.030885 -0.067952 -13.886749 -0.031945 0.999383 -0.014566 102.888863 0.067460 0.016696 0.997582 0.836570 0.000000 0.000000 0.000000 1.000000
0.997143 0.032613 -0.068129 -13.837647 -0.033640 0.999336 -0.013991 102.898941 0.067628 0.016243 0.997578 0.474001 0.000000 0.000000 0.000000 1.000000
0.997067 0.037809 -0.066543 -13.801516 -0.038882 0.999132 -0.014913 102.919594 0.065921 0.017457 0.997672 -0.077267 0.000000 0.000000 0.000000 1.000000
0.997178 0.038059 -0.064707 -13.729124 -0.039208 0.999093 -0.016581 102.801704 0.064017 0.019071 0.997767 -0.942916 0.000000 0.000000 0.000000 1.000000
0.997937 0.041170 -0.049258 -13.763746 -0.042379 0.998819 -0.023752 102.104012 0.048222 0.025791 0.998504 -2.706979 0.000000 0.000000 0.000000 1.000000
0.998453 0.047563 -0.028791 -13.864991 -0.048296 0.998511 -0.025354 100.794220 0.027542 0.026705 0.999264 -5.227278 0.000000 0.000000 0.000000 1.000000
0.998642 0.050977 -0.010708 -13.979369 -0.051126 0.998592 -0.014135 99.097321 0.009972 0.014664 0.999843 -7.851279 0.000000 0.000000 0.000000 1.000000
0.998459 0.055493 0.000345 -14.083620 -0.055493 0.998456 0.002365 97.577782 -0.000213 -0.002380 0.999997 -10.044123 0.000000 0.000000 0.000000 1.000000
0.997553 0.062483 0.031352 -14.188611 -0.062823 0.997975 0.009956 96.286530 -0.030667 -0.011901 0.999459 -12.147219 0.000000 0.000000 0.000000 1.000000
0.996992 0.056138 0.053444 -14.347734 -0.057610 0.997990 0.026413 94.730095 -0.051854 -0.029412 0.998221 -14.147227 0.000000 0.000000 0.000000 1.000000
0.997538 0.046792 0.052239 -14.472263 -0.048378 0.998393 0.029529 93.340996 -0.050773 -0.031983 0.998198 -15.708756 0.000000 0.000000 0.000000 1.000000
0.997906 0.046632 0.044829 -14.513829 -0.047786 0.998544 0.025022 92.276909 -0.043597 -0.027112 0.998681 -16.877945 0.000000 0.000000 0.000000 1.000000
0.998351 0.045537 0.034954 -14.560595 -0.046161 0.998785 0.017280 91.281693 -0.034124 -0.018865 0.999240 -18.029123 0.000000 0.000000 0.000000 1.000000
0.998728 0.045516 0.021682 -14.609466 -0.045824 0.998852 0.013951 90.275429 -0.021023 -0.014926 0.999668 -19.168898 0.000000 0.000000 0.000000 1.000000
0.998584 0.046942 0.025014 -14.640800 -0.047426 0.998692 0.019113 89.194435 -0.024084 -0.020272 0.999504 -20.240566 0.000000 0.000000 0.000000 1.000000
0.998410 0.047833 0.029835 -14.673286 -0.048605 0.998487 0.025725 88.153091 -0.028560 -0.027135 0.999224 -21.211779 0.000000 0.000000 0.000000 1.000000
0.998684 0.041448 0.030191 -14.758581 -0.042231 0.998775 0.025788 87.190262 -0.029085 -0.027029 0.999211 -22.089468 0.000000 0.000000 0.000000 1.000000
0.998459 0.040692 0.037742 -14.846148 -0.041775 0.998725 0.028344 86.212860 -0.036540 -0.029877 0.998885 -22.949869 0.000000 0.000000 0.000000 1.000000
0.998434 0.035757 0.043026 -14.946550 -0.037474 0.998505 0.039800 85.138992 -0.041538 -0.041351 0.998281 -23.800819 0.000000 0.000000 0.000000 1.000000
0.998257 0.033237 0.048760 -15.048113 -0.035992 0.997740 0.056744 83.981842 -0.046764 -0.058400 0.997197 -24.624434 0.000000 0.000000 0.000000 1.000000
0.997933 0.032517 0.055426 -15.155078 -0.036825 0.996228 0.078574 82.695358 -0.052662 -0.080453 0.995366 -25.412704 0.000000 0.000000 0.000000 1.000000
0.997691 0.033012 0.059353 -15.246197 -0.038728 0.994443 0.097892 81.704567 -0.055791 -0.099964 0.993426 -26.016991 0.000000 0.000000 0.000000 1.000000
0.997437 0.033549 0.063190 -15.372390 -0.040683 0.992506 0.115224 80.675949 -0.058851 -0.117499 0.991328 -26.621063 0.000000 0.000000 0.000000 1.000000
0.997431 0.033941 0.063077 -15.470671 -0.042149 0.990122 0.133727 79.590042 -0.057915 -0.136042 0.989009 -27.292854 0.000000 0.000000 0.000000 1.000000
0.997372 0.033817 0.064071 -15.545408 -0.043511 0.986715 0.156525 78.527733 -0.057926 -0.158901 0.985594 -27.992342 0.000000 0.000000 0.000000 1.000000
0.997206 0.035344 0.065816 -15.607374 -0.046475 0.983269 0.176133 77.417618 -0.058490 -0.178699 0.982164 -28.723110 0.000000 0.000000 0.000000 1.000000
0.997148 0.033255 0.067753 -15.661590 -0.045767 0.980242 0.192436 76.292831 -0.060015 -0.194988 0.978968 -29.515751 0.000000 0.000000 0.000000 1.000000
0.997176 0.029044 0.069252 -15.731113 -0.043282 0.975887 0.213944 75.179024 -0.061369 -0.216337 0.974388 -30.369568 0.000000 0.000000 0.000000 1.000000
0.997141 0.021547 0.072428 -15.800358 -0.037873 0.971911 0.232282 74.040199 -0.065389 -0.234361 0.969948 -31.261955 0.000000 0.000000 0.000000 1.000000
0.996747 0.015982 0.078999 -15.870852 -0.035695 0.966313 0.254883 72.895462 -0.072264 -0.256874 0.963739 -32.259102 0.000000 0.000000 0.000000 1.000000
0.996132 0.010815 0.087206 -15.956296 -0.034534 0.960733 0.275318 71.669594 -0.080804 -0.277264 0.957390 -33.297581 0.000000 0.000000 0.000000 1.000000
0.995416 0.006363 0.095429 -16.032232 -0.034608 0.954133 0.297377 70.333038 -0.089160 -0.299316 0.949979 -34.414982 0.000000 0.000000 0.000000 1.000000
0.994524 0.002395 0.104479 -16.102922 -0.036190 0.945773 0.322807 68.826836 -0.098040 -0.324820 0.940681 -35.616295 0.000000 0.000000 0.000000 1.000000
0.993825 -0.000202 0.110962 -16.200138 -0.038978 0.935637 0.350805 67.209984 -0.103891 -0.352964 0.929851 -36.898743 0.000000 0.000000 0.000000 1.000000
0.992703 -0.004192 0.120509 -16.275063 -0.041495 0.926481 0.374047 65.521500 -0.113217 -0.376318 0.919547 -38.270248 0.000000 0.000000 0.000000 1.000000
0.991591 -0.007586 0.129188 -16.344387 -0.044992 0.915797 0.399113 63.721142 -0.121338 -0.401569 0.907755 -39.810997 0.000000 0.000000 0.000000 1.000000
0.991063 -0.010711 0.132965 -16.510746 -0.047492 0.903129 0.426735 61.788330 -0.124655 -0.429236 0.894549 -41.453598 0.000000 0.000000 0.000000 1.000000
0.990548 -0.016792 0.136135 -16.608822 -0.048193 0.886598 0.460023 59.692787 -0.128422 -0.462236 0.877409 -43.192982 0.000000 0.000000 0.000000 1.000000
0.989211 -0.024771 0.144388 -16.711821 -0.050901 0.866078 0.497311 57.339958 -0.137370 -0.499295 0.855473 -45.118355 0.000000 0.000000 0.000000 1.000000
0.987667 -0.028567 0.153943 -16.838114 -0.058752 0.843746 0.533517 54.695663 -0.145130 -0.535982 0.831661 -47.112732 0.000000 0.000000 0.000000 1.000000
0.986547 -0.033329 0.160046 -16.964466 -0.066147 0.813897 0.577231 51.892311 -0.149500 -0.580052 0.800743 -49.259682 0.000000 0.000000 0.000000 1.000000
0.985474 -0.037350 0.165671 -17.065794 -0.076248 0.774363 0.628130 48.783783 -0.151750 -0.631638 0.760267 -51.594288 0.000000 0.000000 0.000000 1.000000
0.983087 -0.045768 0.177330 -17.218622 -0.087601 0.732805 0.674777 45.471581 -0.160832 -0.678898 0.716401 -54.075802 0.000000 0.000000 0.000000 1.000000
0.981453 -0.055225 0.183578 -17.337708 -0.097799 0.679387 0.727233 41.951546 -0.164883 -0.731699 0.661385 -56.903557 0.000000 0.000000 0.000000 1.000000
0.979445 -0.059147 0.192843 -17.429209 -0.115124 0.621118 0.775215 38.145203 -0.165630 -0.781482 0.601542 -60.200302 0.000000 0.000000 0.000000 1.000000
0.977613 -0.065358 0.200004 -17.660597 -0.128675 0.566375 0.814040 33.988113 -0.166481 -0.821552 0.545286 -63.834682 0.000000 0.000000 0.000000 1.000000
0.979029 -0.061999 0.194059 -17.800171 -0.136790 0.505837 0.851714 29.279112 -0.150968 -0.860398 0.486749 -68.056984 0.000000 0.000000 0.000000 1.000000
0.983578 -0.043048 0.175274 -17.929886 -0.138402 0.443411 0.885569 23.840328 -0.115840 -0.895284 0.430171 -72.632507 0.000000 0.000000 0.000000 1.000000
0.987610 -0.023140 0.155214 -18.094591 -0.135328 0.375195 0.917014 17.946539 -0.079456 -0.926657 0.367414 -77.502403 0.000000 0.000000 0.000000 1.000000
0.988449 -0.007602 0.151364 -18.414688 -0.144601 0.251750 0.956929 12.714941 -0.045380 -0.967763 0.247742 -81.967461 0.000000 0.000000 0.000000 1.000000
0.989161 0.000061 0.146837 -18.510607 -0.146530 0.065029 0.987066 10.278593 -0.009489 -0.997883 0.064333 -84.737312 0.000000 0.000000 0.000000 1.000000
0.990505 0.009133 0.137176 -18.347429 -0.136654 -0.043763 0.989652 10.619688 0.015042 -0.999000 -0.042099 -86.543518 0.000000 0.000000 0.000000 1.000000
0.989388 0.003012 0.145265 -18.330118 -0.144384 -0.091448 0.985287 11.905844 0.016252 -0.995805 -0.090042 -88.540771 0.000000 0.000000 0.000000 1.000000
0.987902 -0.022551 0.153429 -18.688627 -0.154784 -0.204204 0.966614 12.794397 0.009532 -0.978669 -0.205224 -91.270134 0.000000 0.000000 0.000000 1.000000
0.987241 -0.032790 0.155822 -18.891665 -0.157987 -0.323961 0.932786 13.645494 0.019894 -0.945502 -0.325008 -94.222488 0.000000 0.000000 0.000000 1.000000
0.986568 -0.041210 0.158065 -18.964025 -0.162318 -0.355824 0.920349 14.602866 0.018315 -0.933644 -0.357734 -96.883553 0.000000 0.000000 0.000000 1.000000
0.985932 -0.044519 0.161110 -19.143393 -0.166480 -0.347651 0.922726 15.246546 0.014931 -0.936567 -0.350172 -98.977669 0.000000 0.000000 0.000000 1.000000
0.984207 -0.041830 0.172009 -19.318783 -0.176039 -0.333555 0.926149 15.355731 0.018634 -0.941802 -0.335651 -100.258728 0.000000 0.000000 0.000000 1.000000
0.982138 -0.040611 0.183728 -19.481918 -0.187073 -0.315648 0.930253 15.082890 0.020215 -0.948007 -0.317607 -101.003448 0.000000 0.000000 0.000000 1.000000
0.980362 -0.039257 0.193261 -19.490917 -0.196187 -0.293746 0.935534 14.484661 0.020043 -0.955077 -0.295679 -101.427879 0.000000 0.000000 0.000000 1.000000
0.979759 -0.036154 0.196887 -19.424438 -0.199315 -0.267461 0.942729 13.823200 0.018576 -0.962890 -0.269254 -101.511688 0.000000 0.000000 0.000000 1.000000
0.979871 -0.035272 0.196491 -19.496311 -0.199184 -0.238606 0.950470 13.219646 0.013359 -0.970476 -0.240829 -101.565659 0.000000 0.000000 0.000000 1.000000
0.980084 -0.035861 0.195321 -19.551744 -0.198538 -0.198377 0.959807 12.623598 0.004327 -0.979470 -0.201546 -101.509041 0.000000 0.000000 0.000000 1.000000
0.981896 -0.037014 0.185767 -19.498913 -0.189183 -0.142746 0.971511 12.015057 -0.009442 -0.989067 -0.147164 -101.206406 0.000000 0.000000 0.000000 1.000000
0.984721 -0.032118 0.171154 -19.487843 -0.173363 -0.087931 0.980925 11.564164 -0.016456 -0.995609 -0.092155 -100.522339 0.000000 0.000000 0.000000 1.000000
0.987610 -0.027698 0.154464 -19.615412 -0.155559 -0.043093 0.986886 11.389575 -0.020679 -0.998687 -0.046868 -99.496666 0.000000 0.000000 0.000000 1.000000
0.990573 -0.022606 0.135109 -19.816788 -0.135501 -0.016813 0.990634 11.302557 -0.020123 -0.999603 -0.019718 -98.438713 0.000000 0.000000 0.000000 1.000000
0.992546 -0.020366 0.120157 -19.958330 -0.120352 -0.008650 0.992694 11.363342 -0.019178 -0.999755 -0.011037 -97.461464 0.000000 0.000000 0.000000 1.000000
0.993649 -0.025417 0.109619 -20.179184 -0.109858 -0.008186 0.993914 11.573294 -0.024365 -0.999643 -0.010926 -96.606239 0.000000 0.000000 0.000000 1.000000
0.994558 -0.029065 0.100053 -20.435034 -0.100194 -0.003452 0.994962 11.765055 -0.028573 -0.999572 -0.006345 -95.940155 0.000000 0.000000 0.000000 1.000000
0.995275 -0.031358 0.091896 -20.635796 -0.091691 0.007892 0.995756 11.842443 -0.031950 -0.999477 0.004979 -95.522034 0.000000 0.000000 0.000000 1.000000
0.995812 -0.032402 0.085491 -20.755112 -0.084953 0.017641 0.996229 11.783035 -0.033788 -0.999319 0.014815 -95.371513 0.000000 0.000000 0.000000 1.000000
0.996212 -0.031691 0.080980 -20.815956 -0.080242 0.023887 0.996489 11.694615 -0.033514 -0.999212 0.021254 -95.468575 0.000000 0.000000 0.000000 1.000000
0.996413 -0.030255 0.079029 -20.843243 -0.078274 0.025393 0.996608 11.610895 -0.032159 -0.999220 0.022934 -95.706161 0.000000 0.000000 0.000000 1.000000
0.996460 -0.028353 0.079138 -20.839947 -0.078511 0.022575 0.996658 11.549911 -0.030045 -0.999343 0.020270 -95.958221 0.000000 0.000000 0.000000 1.000000
0.996314 -0.027929 0.081103 -20.819096 -0.080662 0.016572 0.996604 11.527412 -0.029178 -0.999473 0.014258 -96.181007 0.000000 0.000000 0.000000 1.000000
0.996069 -0.028239 0.083960 -20.779268 -0.083684 0.010821 0.996434 11.518929 -0.029047 -0.999543 0.008415 -96.361542 0.000000 0.000000 0.000000 1.000000
0.995682 -0.028068 0.088482 -20.729019 -0.088307 0.007413 0.996066 11.489408 -0.028614 -0.999579 0.004903 -96.530403 0.000000 0.000000 0.000000 1.000000
0.995252 -0.027048 0.093502 -20.668898 -0.093343 0.007070 0.995609 11.457914 -0.027590 -0.999609 0.004511 -96.745872 0.000000 0.000000 0.000000 1.000000
0.994910 -0.026677 0.097174 -20.585440 -0.096968 0.008920 0.995248 11.431046 -0.027417 -0.999604 0.006287 -96.897453 0.000000 0.000000 0.000000 1.000000
0.994563 -0.026473 0.100717 -20.518084 -0.100453 0.011126 0.994880 11.425764 -0.027458 -0.999588 0.008406 -96.961456 0.000000 0.000000 0.000000 1.000000
0.994387 -0.026174 0.102518 -20.459194 -0.102208 0.012916 0.994679 11.446206 -0.027359 -0.999574 0.010168 -96.961227 0.000000 0.000000 0.000000 1.000000
0.994303 -0.026439 0.103259 -20.425474 -0.102917 0.013996 0.994591 11.469646 -0.027742 -0.999552 0.011196 -96.906082 0.000000 0.000000 0.000000 1.000000
0.994254 -0.026518 0.103705 -20.419903 -0.103329 0.015206 0.994531 11.486694 -0.027950 -0.999533 0.012379 -96.856575 0.000000 0.000000 0.000000 1.000000
0.994258 -0.026564 0.103664 -20.432335 -0.103250 0.016496 0.994519 11.494215 -0.028128 -0.999511 0.013659 -96.824516 0.000000 0.000000 0.000000 1.000000
0.994281 -0.026661 0.103415 -20.461397 -0.102969 0.017571 0.994529 11.494596 -0.028332 -0.999490 0.014725 -96.810341 0.000000 0.000000 0.000000 1.000000
0.994345 -0.026642 0.102802 -20.496386 -0.102348 0.017901 0.994588 11.489578 -0.028338 -0.999485 0.015073 -96.816734 0.000000 0.000000 0.000000 1.000000
0.994423 -0.026354 0.102116 -20.530684 -0.101677 0.017509 0.994663 11.479715 -0.028001 -0.999499 0.014731 -96.842041 0.000000 0.000000 0.000000 1.000000
0.994479 -0.025880 0.101695 -20.563150 -0.101277 0.016994 0.994713 11.474239 -0.027471 -0.999521 0.014280 -96.869766 0.000000 0.000000 0.000000 1.000000
0.994538 -0.025445 0.101229 -20.587164 -0.100831 0.016488 0.994767 11.473913 -0.026981 -0.999540 0.013832 -96.885826 0.000000 0.000000 0.000000 1.000000
0.994612 -0.024851 0.100644 -20.600735 -0.100264 0.016081 0.994831 11.476032 -0.026341 -0.999562 0.013503 -96.886978 0.000000 0.000000 0.000000 1.000000
0.994668 -0.024441 0.100193 -20.605219 -0.099813 0.016292 0.994873 11.476976 -0.025948 -0.999569 0.013766 -96.877213 0.000000 0.000000 0.000000 1.000000
0.994685 -0.024509 0.100004 -20.603554 -0.099616 0.016590 0.994888 11.479523 -0.026043 -0.999562 0.014061 -96.861816 0.000000 0.000000 0.000000 1.000000
0.994686 -0.024794 0.099927 -20.600916 -0.099524 0.016983 0.994890 11.483119 -0.026364 -0.999548 0.014425 -96.842529 0.000000 0.000000 0.000000 1.000000
0.994667 -0.025047 0.100047 -20.598347 -0.099630 0.017375 0.994873 11.484810 -0.026656 -0.999535 0.014787 -96.824356 0.000000 0.000000 0.000000 1.000000
0.994637 -0.025254 0.100299 -20.594999 -0.099869 0.017743 0.994842 11.483109 -0.026903 -0.999524 0.015125 -96.812096 0.000000 0.000000 0.000000 1.000000
0.994617 -0.025324 0.100477 -20.592932 -0.100042 0.017922 0.994822 11.481098 -0.026993 -0.999519 0.015292 -96.807541 0.000000 0.000000 0.000000 1.000000
0.994601 -0.025278 0.100650 -20.590639 -0.100217 0.017870 0.994805 11.478881 -0.026945 -0.999521 0.015241 -96.808960 0.000000 0.000000 0.000000 1.000000
0.994592 -0.025109 0.100779 -20.588308 -0.100351 0.017769 0.994793 11.474844 -0.026769 -0.999527 0.015153 -96.816246 0.000000 0.000000 0.000000 1.000000
0.994571 -0.024950 0.101029 -20.585030 -0.100601 0.017885 0.994766 11.472007 -0.026627 -0.999529 0.015278 -96.824608 0.000000 0.000000 0.000000 1.000000
0.994548 -0.024876 0.101270 -20.582479 -0.100839 0.018010 0.994740 11.471071 -0.026569 -0.999528 0.015403 -96.829514 0.000000 0.000000 0.000000 1.000000
0.994536 -0.024844 0.101392 -20.581303 -0.100958 0.018116 0.994726 11.470023 -0.026550 -0.999527 0.015509 -96.829720 0.000000 0.000000 0.000000 1.000000
0.994536 -0.024811 0.101400 -20.581148 -0.100963 0.018245 0.994723 11.468626 -0.026530 -0.999526 0.015640 -96.827682 0.000000 0.000000 0.000000 1.000000
0.994550 -0.024890 0.101250 -20.580959 -0.100811 0.018308 0.994737 11.467718 -0.026612 -0.999523 0.015699 -96.825821 0.000000 0.000000 0.000000 1.000000
0.994567 -0.025140 0.101017 -20.578728 -0.100573 0.018359 0.994760 11.464634 -0.026862 -0.999515 0.015731 -96.823128 0.000000 0.000000 0.000000 1.000000
0.994584 -0.025434 0.100775 -20.576349 -0.100322 0.018503 0.994783 11.461712 -0.027166 -0.999505 0.015851 -96.820053 0.000000 0.000000 0.000000 1.000000
0.994586 -0.025585 0.100716 -20.577723 -0.100254 0.018731 0.994786 11.462299 -0.027339 -0.999497 0.016065 -96.818092 0.000000 0.000000 0.000000 1.000000
0.994598 -0.025736 0.100565 -20.579489 -0.100095 0.018948 0.994797 11.463729 -0.027508 -0.999489 0.016269 -96.818237 0.000000 0.000000 0.000000 1.000000
0.994603 -0.025786 0.100494 -20.581596 -0.100017 0.019158 0.994801 11.465699 -0.027577 -0.999484 0.016476 -96.818481 0.000000 0.000000 0.000000 1.000000
0.994592 -0.025765 0.100610 -20.584976 -0.100127 0.019390 0.994786 11.468654 -0.027581 -0.999480 0.016705 -96.818016 0.000000 0.000000 0.000000 1.000000
0.994602 -0.025771 0.100508 -20.589634 -0.100023 0.019470 0.994795 11.472504 -0.027594 -0.999478 0.016787 -96.817673 0.000000 0.000000 0.000000 1.000000
0.994611 -0.025683 0.100449 -20.593332 -0.099965 0.019475 0.994800 11.476861 -0.027506 -0.999480 0.016802 -96.818192 0.000000 0.000000 0.000000 1.000000
0.994609 -0.025643 0.100475 -20.595009 -0.099994 0.019424 0.994798 11.479923 -0.027462 -0.999482 0.016755 -96.818916 0.000000 0.000000 0.000000 1.000000
0.994610 -0.025706 0.100454 -20.595837 -0.099976 0.019285 0.994803 11.480524 -0.027510 -0.999484 0.016611 -96.818947 0.000000 0.000000 0.000000 1.000000
0.994605 -0.025866 0.100457 -20.596495 -0.099981 0.019091 0.994806 11.480068 -0.027650 -0.999483 0.016402 -96.817863 0.000000 0.000000 0.000000 1.000000
0.994601 -0.025941 0.100480 -20.596182 -0.100008 0.018900 0.994807 11.478853 -0.027705 -0.999485 0.016204 -96.817482 0.000000 0.000000 0.000000 1.000000
0.994598 -0.025879 0.100526 -20.595676 -0.100057 0.018807 0.994804 11.477103 -0.027635 -0.999488 0.016116 -96.817459 0.000000 0.000000 0.000000 1.000000
0.994598 -0.025783 0.100546 -20.595598 -0.100079 0.018812 0.994802 11.476135 -0.027540 -0.999491 0.016130 -96.817810 0.000000 0.000000 0.000000 1.000000
0.994600 -0.025673 0.100553 -20.595972 -0.100086 0.018886 0.994800 11.475723 -0.027438 -0.999492 0.016214 -96.818726 0.000000 0.000000 0.000000 1.000000
0.994603 -0.025507 0.100569 -20.596416 -0.100102 0.019004 0.994796 11.474293 -0.027286 -0.999494 0.016348 -96.818832 0.000000 0.000000 0.000000 1.000000
0.994607 -0.025374 0.100561 -20.597059 -0.100092 0.019136 0.994794 11.472076 -0.027166 -0.999495 0.016493 -96.818413 0.000000 0.000000 0.000000 1.000000
0.994613 -0.025317 0.100523 -20.597231 -0.100052 0.019235 0.994796 11.470097 -0.027119 -0.999494 0.016599 -96.818481 0.000000 0.000000 0.000000 1.000000
0.994619 -0.025351 0.100453 -20.596010 -0.099980 0.019277 0.994803 11.466522 -0.027155 -0.999493 0.016639 -96.817986 0.000000 0.000000 0.000000 1.000000
0.994635 -0.025408 0.100279 -20.593445 -0.099806 0.019254 0.994821 11.462765 -0.027207 -0.999492 0.016615 -96.817650 0.000000 0.000000 0.000000 1.000000
0.994646 -0.025390 0.100174 -20.592150 -0.099702 0.019203 0.994832 11.459976 -0.027182 -0.999493 0.016569 -96.817818 0.000000 0.000000 0.000000 1.000000</float_array><technique_common><accessor source="#mixamorig_Hips-Matrix-animation-output-transform-array" count="139" stride="16"><param type="float4x4"/></accessor></technique_common></source><source id="mixamorig_Hips-Interpolations"><Name_array id="mixamorig_Hips-Interpolations-array" count="139">
 LINEAR LINEAR LINEAR LINEAR LINEAR LINEAR LINEAR LINEAR LINEAR LINEAR LINEAR
LINEAR LINEAR LINEAR LINEAR LINEAR LINEAR LINEAR LINEAR LINEAR LINEAR LINEAR LINEAR
LINEAR LINEAR LINEAR LINEAR LINEAR LINEAR LINEAR LINEAR LINEAR LINEAR LINEAR LINEAR
LINEAR LINEAR LINEAR LINEAR LINEAR LINEAR LINEAR LINEAR LINEAR LINEAR LINEAR LINEAR
LINEAR LINEAR LINEAR LINEAR LINEAR LINEAR LINEAR LINEAR LINEAR LINEAR LINEAR LINEAR
LINEAR LINEAR LINEAR LINEAR LINEAR LINEAR LINEAR LINEAR LINEAR LINEAR LINEAR LINEAR
LINEAR LINEAR LINEAR LINEAR LINEAR LINEAR LINEAR LINEAR LINEAR LINEAR LINEAR LINEAR
LINEAR LINEAR LINEAR LINEAR LINEAR LINEAR LINEAR LINEAR LINEAR LINEAR LINEAR LINEAR
LINEAR LINEAR LINEAR LINEAR LINEAR LINEAR LINEAR LINEAR LINEAR LINEAR LINEAR LINEAR
LINEAR LINEAR LINEAR LINEAR LINEAR LINEAR LINEAR LINEAR LINEAR LINEAR LINEAR LINEAR
LINEAR LINEAR LINEAR LINEAR LINEAR LINEAR LINEAR LINEAR LINEAR LINEAR LINEAR LINEAR
LINEAR LINEAR LINEAR LINEAR LINEAR LINEAR LINEAR LINEAR</Name_array><technique_common><accessor source="#mixamorig_Hips-Interpolations-array" count="139"><param type="name"/></accessor></technique_common></source><sampler id="mixamorig_Hips-Matrix-animation-transform"><input semantic="INPUT" source="#mixamorig_Hips-Matrix-animation-input"/><input semantic="OUTPUT" source="#mixamorig_Hips-Matrix-animation-output-transform"/><input semantic="INTERPOLATION" source="#mixamorig_Hips-Interpolations"/></sampler><channel source="#mixamorig_Hips-Matrix-animation-transform" target="mixamorig_Hips/matrix"/></animation>
    <animation id="mixamorig_Spine-anim" name="mixamorig_Spine"><source id="mixamorig_Spine-Matrix-animation-input"><float_array id="mixamorig_Spine-Matrix-animation-input-array" count="139">

0.000000 0.033333 0.066667 0.100000 0.133333 0.166667 0.200000 0.233333 0.266667 0.300000 0.333333 0.366667 0.400000 0.433333 0.466667 0.500000
0.533333 0.566667 0.600000 0.633333 0.666667 0.700000 0.733333 0.766667 0.800000 0.833333 0.866667 0.900000 0.933333 0.966667 1.000000 1.033333
1.066667 1.100000 1.133333 1.166667 1.200000 1.233333 1.266667 1.300000 1.333333 1.366667 1.400000 1.433333 1.466667 1.500000 1.533333 1.566667
1.600000 1.633333 1.666667 1.700000 1.733333 1.766667 1.800000 1.833333 1.866667 1.900000 1.933333 1.966667 2.000000 2.033333 2.066667 2.100000
2.133333 2.166667 2.200000 2.233333 2.266667 2.300000 2.333333 2.366667 2.400000 2.433333 2.466667 2.500000 2.533333 2.566667 2.600000 2.633333
2.666667 2.700000 2.733333 2.766667 2.800000 2.833333 2.866667 2.900000 2.933333 2.966667 3.000000 3.033333 3.066667 3.100000 3.133333 3.166667
3.200000 3.233333 3.266667 3.300000 3.333333 3.366667 3.400000 3.433333 3.466667 3.500000 3.533333 3.566667 3.600000 3.633333 3.666667 3.700000
3.733333 3.766667 3.800000 3.833333 3.866667 3.900000 3.933333 3.966667 4.000000 4.033333 4.066667 4.100000 4.133333 4.166667 4.200000 4.233333
4.266667 4.300000 4.333333 4.366667 4.400000 4.433333 4.466667 4.500000 4.533333 4.566667 4.600000</float_array><technique_common><accessor source="#mixamorig_Spine-Matrix-animation-input-array" count="139"><param name="TIME" type="float"/></accessor></technique_common></source><source id="mixamorig_Spine-Matrix-animation-output-transform"><float_array id="mixamorig_Spine-Matrix-animation-output-transform-array" count="2224">

0.999950 -0.008369 -0.005442 -0.038100 0.008545 0.999411 0.033228 9.490500 0.005161 -0.033273 0.999433 -1.392100 0.000000 0.000000 0.000000 1.000000
0.999948 -0.008505 -0.005553 -0.038100 0.008685 0.999408 0.033299 9.490500 0.005267 -0.033345 0.999430 -1.392100 0.000000 0.000000 0.000000 1.000000
0.999945 -0.008680 -0.005824 -0.038100 0.008870 0.999399 0.033511 9.490500 0.005530 -0.033561 0.999421 -1.392100 0.000000 0.000000 0.000000 1.000000
0.999942 -0.008854 -0.006052 -0.038100 0.009053 0.999395 0.033568 9.490500 0.005751 -0.033621 0.999418 -1.392100 0.000000 0.000000 0.000000 1.000000
0.999940 -0.008953 -0.006352 -0.038100 0.009162 0.999392 0.033633 9.490500 0.006047 -0.033689 0.999414 -1.392100 0.000000 0.000000 0.000000 1.000000
0.999938 -0.009097 -0.006497 -0.038100 0.009310 0.999392 0.033591 9.490500 0.006187 -0.033649 0.999415 -1.392100 0.000000 0.000000 0.000000 1.000000
0.999936 -0.009181 -0.006642 -0.038100 0.009399 0.999395 0.033483 9.490500 0.006331 -0.033543 0.999417 -1.392100 0.000000 0.000000 0.000000 1.000000
0.999935 -0.009293 -0.006610 -0.038100 0.009507 0.999402 0.033232 9.490500 0.006297 -0.033293 0.999426 -1.392100 0.000000 0.000000 0.000000 1.000000
0.999935 -0.009394 -0.006441 -0.038100 0.009602 0.999410 0.032964 9.490500 0.006128 -0.033023 0.999436 -1.392100 0.000000 0.000000 0.000000 1.000000
0.999936 -0.009490 -0.006100 -0.038100 0.009684 0.999419 0.032674 9.490500 0.005786 -0.032731 0.999447 -1.392100 0.000000 0.000000 0.000000 1.000000
0.999938 -0.009612 -0.005687 -0.038100 0.009791 0.999429 0.032347 9.490500 0.005373 -0.032401 0.999461 -1.392100 0.000000 0.000000 0.000000 1.000000
0.999941 -0.009565 -0.005109 -0.038100 0.009723 0.999445 0.031872 9.490500 0.004801 -0.031920 0.999479 -1.392100 0.000000 0.000000 0.000000 1.000000
0.999940 -0.009988 -0.004503 -0.038100 0.010124 0.999460 0.031251 9.490500 0.004189 -0.031295 0.999501 -1.392100 0.000000 0.000000 0.000000 1.000000
0.999934 -0.010561 -0.004532 -0.038100 0.010692 0.999497 0.029854 9.490500 0.004214 -0.029901 0.999544 -1.392100 0.000000 0.000000 0.000000 1.000000
0.999923 -0.011394 -0.004820 -0.038100 0.011527 0.999530 0.028422 9.490500 0.004493 -0.028475 0.999584 -1.392100 0.000000 0.000000 0.000000 1.000000
0.999909 -0.012321 -0.005562 -0.038100 0.012461 0.999584 0.026015 9.490500 0.005239 -0.026082 0.999646 -1.392100 0.000000 0.000000 0.000000 1.000000
0.999886 -0.013715 -0.006309 -0.038100 0.013846 0.999680 0.021163 9.490500 0.006016 -0.021248 0.999756 -1.392100 0.000000 0.000000 0.000000 1.000000
0.999882 -0.013902 -0.006508 -0.038100 0.013979 0.999830 0.012059 9.490500 0.006340 -0.012148 0.999906 -1.392100 0.000000 0.000000 0.000000 1.000000
0.999881 -0.014069 -0.006298 -0.038100 0.014035 0.999887 -0.005440 9.490500 0.006374 0.005351 0.999965 -1.392100 0.000000 0.000000 0.000000 1.000000
0.999887 -0.014138 -0.005118 -0.038100 0.013943 0.999238 -0.036448 9.490500 0.005629 0.036372 0.999322 -1.392100 0.000000 0.000000 0.000000 1.000000
0.999895 -0.014372 -0.001926 -0.038100 0.014190 0.997174 -0.073780 9.490500 0.002981 0.073745 0.997273 -1.392100 0.000000 0.000000 0.000000 1.000000
0.999857 -0.016877 0.000894 -0.038100 0.016876 0.994220 -0.106024 9.490500 0.000901 0.106024 0.994363 -1.392100 0.000000 0.000000 0.000000 1.000000
0.999751 -0.022294 0.000565 -0.038100 0.022173 0.990963 -0.132293 9.490500 0.002389 0.132272 0.991211 -1.392100 0.000000 0.000000 0.000000 1.000000
0.999637 -0.026847 0.002086 -0.038100 0.026840 0.987175 -0.157371 9.490500 0.002166 0.157370 0.987537 -1.392100 0.000000 0.000000 0.000000 1.000000
0.999483 -0.030713 0.009497 -0.038100 0.031906 0.983861 -0.176068 9.490500 -0.003937 0.176280 0.984332 -1.392100 0.000000 0.000000 0.000000 1.000000
0.999232 -0.034555 0.018483 -0.038100 0.037407 0.981628 -0.187105 9.490500 -0.011678 0.187652 0.982166 -1.392100 0.000000 0.000000 0.000000 1.000000
0.999044 -0.036436 0.024175 -0.038100 0.040443 0.980159 -0.194045 9.490500 -0.016625 0.194837 0.980695 -1.392100 0.000000 0.000000 0.000000 1.000000
0.998977 -0.037420 0.025387 -0.038100 0.041742 0.979011 -0.199489 9.490500 -0.017389 0.200345 0.979571 -1.392100 0.000000 0.000000 0.000000 1.000000
0.998982 -0.038388 0.023686 -0.038100 0.042434 0.977872 -0.204857 9.490500 -0.015298 0.205654 0.978505 -1.392100 0.000000 0.000000 0.000000 1.000000
0.998937 -0.039708 0.023429 -0.038100 0.043734 0.976949 -0.208946 9.490500 -0.014592 0.209748 0.977647 -1.392100 0.000000 0.000000 0.000000 1.000000
0.998846 -0.041313 0.024480 -0.038100 0.045567 0.976287 -0.211632 9.490500 -0.015156 0.212503 0.977043 -1.392100 0.000000 0.000000 0.000000 1.000000
0.998765 -0.042272 0.026117 -0.038100 0.046858 0.976156 -0.211954 9.490500 -0.016534 0.212916 0.976931 -1.392100 0.000000 0.000000 0.000000 1.000000
0.998791 -0.041145 0.026899 -0.038100 0.045916 0.976284 -0.211570 9.490500 -0.017556 0.212549 0.976993 -1.392100 0.000000 0.000000 0.000000 1.000000
0.998829 -0.040020 0.027188 -0.038100 0.044881 0.976294 -0.211743 9.490500 -0.018069 0.212715 0.976947 -1.392100 0.000000 0.000000 0.000000 1.000000
0.998811 -0.040074 0.027763 -0.038100 0.045083 0.975975 -0.213169 9.490500 -0.018554 0.214167 0.976621 -1.392100 0.000000 0.000000 0.000000 1.000000
0.998760 -0.040976 0.028274 -0.038100 0.046135 0.975230 -0.216330 9.490500 -0.018710 0.217366 0.975911 -1.392100 0.000000 0.000000 0.000000 1.000000
0.998720 -0.041335 0.029136 -0.038100 0.046729 0.974571 -0.219152 9.490500 -0.019336 0.220233 0.975256 -1.392100 0.000000 0.000000 0.000000 1.000000
0.998725 -0.041267 0.029083 -0.038100 0.046687 0.974160 -0.220981 9.490500 -0.019212 0.222057 0.974844 -1.392100 0.000000 0.000000 0.000000 1.000000
0.998788 -0.040311 0.028257 -0.038100 0.045624 0.973576 -0.223759 9.490500 -0.018491 0.224777 0.974235 -1.392100 0.000000 0.000000 0.000000 1.000000
0.998886 -0.038327 0.027529 -0.038100 0.043537 0.973545 -0.224311 9.490500 -0.018204 0.225259 0.974129 -1.392100 0.000000 0.000000 0.000000 1.000000
0.998967 -0.036464 0.027121 -0.038100 0.041611 0.973850 -0.223348 9.490500 -0.018267 0.224245 0.974361 -1.392100 0.000000 0.000000 0.000000 1.000000
0.999005 -0.034927 0.027736 -0.038100 0.040239 0.974039 -0.222776 9.490500 -0.019236 0.223670 0.974475 -1.392100 0.000000 0.000000 0.000000 1.000000
0.998989 -0.034561 0.028734 -0.038100 0.040106 0.974048 -0.222760 9.490500 -0.020290 0.223687 0.974450 -1.392100 0.000000 0.000000 0.000000 1.000000
0.998888 -0.036331 0.030042 -0.038100 0.042174 0.973424 -0.225095 9.490500 -0.021065 0.226112 0.973874 -1.392100 0.000000 0.000000 0.000000 1.000000
0.998847 -0.036743 0.030886 -0.038100 0.042805 0.973007 -0.226771 9.490500 -0.021720 0.227832 0.973458 -1.392100 0.000000 0.000000 0.000000 1.000000
0.998866 -0.036171 0.030948 -0.038100 0.042258 0.973070 -0.226605 9.490500 -0.021918 0.227656 0.973495 -1.392100 0.000000 0.000000 0.000000 1.000000
0.998889 -0.035728 0.030716 -0.038100 0.041766 0.973164 -0.226290 9.490500 -0.021807 0.227321 0.973576 -1.392100 0.000000 0.000000 0.000000 1.000000
0.998904 -0.035843 0.030099 -0.038100 0.041725 0.973313 -0.225654 9.490500 -0.021208 0.226663 0.973742 -1.392100 0.000000 0.000000 0.000000 1.000000
0.998926 -0.036128 0.029012 -0.038100 0.041706 0.973860 -0.223286 9.490500 -0.020187 0.224256 0.974321 -1.392100 0.000000 0.000000 0.000000 1.000000
0.998936 -0.035318 0.029656 -0.038100 0.041052 0.973985 -0.222861 9.490500 -0.021013 0.223842 0.974399 -1.392100 0.000000 0.000000 0.000000 1.000000
0.998919 -0.033491 0.032231 -0.038100 0.039855 0.973968 -0.223154 9.490500 -0.023918 0.224198 0.974250 -1.392100 0.000000 0.000000 0.000000 1.000000
0.998931 -0.031149 0.034151 -0.038100 0.037986 0.974176 -0.222570 9.490500 -0.026336 0.223629 0.974318 -1.392100 0.000000 0.000000 0.000000 1.000000
0.998913 -0.030635 0.035127 -0.038100 0.037679 0.974387 -0.221697 9.490500 -0.027435 0.222780 0.974483 -1.392100 0.000000 0.000000 0.000000 1.000000
0.998836 -0.032249 0.035866 -0.038100 0.039383 0.974597 -0.220477 9.490500 -0.027845 0.221633 0.974733 -1.392100 0.000000 0.000000 0.000000 1.000000
0.998725 -0.033878 0.037414 -0.038100 0.041292 0.974702 -0.219660 9.490500 -0.029026 0.220925 0.974859 -1.392100 0.000000 0.000000 0.000000 1.000000
0.998680 -0.035365 0.037237 -0.038100 0.042693 0.974727 -0.219284 9.490500 -0.028541 0.220584 0.974950 -1.392100 0.000000 0.000000 0.000000 1.000000
0.998665 -0.037211 0.035835 -0.038100 0.044131 0.975101 -0.217324 9.490500 -0.026856 0.218615 0.975442 -1.392100 0.000000 0.000000 0.000000 1.000000
0.998614 -0.039698 0.034542 -0.038100 0.046192 0.975736 -0.214024 9.490500 -0.025207 0.215323 0.976218 -1.392100 0.000000 0.000000 0.000000 1.000000
0.998607 -0.043114 0.030411 -0.038100 0.048534 0.976701 -0.209046 9.490500 -0.020690 0.210231 0.977433 -1.392100 0.000000 0.000000 0.000000 1.000000
0.998419 -0.047029 0.030776 -0.038100 0.052304 0.977885 -0.202497 9.490500 -0.020572 0.203786 0.978799 -1.392100 0.000000 0.000000 0.000000 1.000000
0.998229 -0.050616 0.031268 -0.038100 0.055796 0.978882 -0.196666 9.490500 -0.020653 0.198062 0.979972 -1.392100 0.000000 0.000000 0.000000 1.000000
0.998047 -0.054994 0.029630 -0.038100 0.059610 0.980273 -0.188446 9.490500 -0.018682 0.189845 0.981636 -1.392100 0.000000 0.000000 0.000000 1.000000
0.997622 -0.063079 0.027777 -0.038100 0.067058 0.981445 -0.179634 9.490500 -0.015931 0.181069 0.983341 -1.392100 0.000000 0.000000 0.000000 1.000000
0.996907 -0.075360 0.022319 -0.038100 0.078166 0.980298 -0.181400 9.490500 -0.008209 0.182583 0.983156 -1.392100 0.000000 0.000000 0.000000 1.000000
0.996639 -0.080667 0.014292 -0.038100 0.081922 0.980545 -0.178384 9.490500 0.000376 0.178955 0.983857 -1.392100 0.000000 0.000000 0.000000 1.000000
0.997364 -0.072532 -0.002121 -0.038100 0.071549 0.987884 -0.137715 9.490500 0.012084 0.137200 0.990470 -1.392100 0.000000 0.000000 0.000000 1.000000
0.998277 -0.056774 -0.014798 -0.038100 0.055241 0.994507 -0.088910 9.490500 0.019765 0.087939 0.995930 -1.392100 0.000000 0.000000 0.000000 1.000000
0.998964 -0.043936 -0.011824 -0.038100 0.042686 0.994962 -0.090711 9.490500 0.015750 0.090112 0.995807 -1.392100 0.000000 0.000000 0.000000 1.000000
0.999183 -0.039472 -0.008677 -0.038100 0.038133 0.991914 -0.121048 9.490500 0.013385 0.120618 0.992609 -1.392100 0.000000 0.000000 0.000000 1.000000
0.999268 -0.036735 -0.010635 -0.038100 0.035049 0.990937 -0.129672 9.490500 0.015302 0.129205 0.991500 -1.392100 0.000000 0.000000 0.000000 1.000000
0.999384 -0.032797 -0.012519 -0.038100 0.031071 0.992359 -0.119408 9.490500 0.016340 0.118945 0.992766 -1.392100 0.000000 0.000000 0.000000 1.000000
0.999406 -0.031652 -0.013623 -0.038100 0.029948 0.993366 -0.111030 9.490500 0.017047 0.110556 0.993724 -1.392100 0.000000 0.000000 0.000000 1.000000
0.999382 -0.032143 -0.014230 -0.038100 0.030468 0.993962 -0.105411 9.490500 0.017532 0.104912 0.994327 -1.392100 0.000000 0.000000 0.000000 1.000000
0.999296 -0.035226 -0.012912 -0.038100 0.033780 0.994525 -0.098885 9.490500 0.016325 0.098379 0.995015 -1.392100 0.000000 0.000000 0.000000 1.000000
0.999199 -0.038617 -0.010505 -0.038100 0.037491 0.995059 -0.091939 9.490500 0.014004 0.091471 0.995709 -1.392100 0.000000 0.000000 0.000000 1.000000
0.999218 -0.038179 -0.010273 -0.038100 0.037177 0.995731 -0.084482 9.490500 0.013454 0.084034 0.996372 -1.392100 0.000000 0.000000 0.000000 1.000000
0.999329 -0.034503 -0.012257 -0.038100 0.033516 0.996752 -0.073224 9.490500 0.014744 0.072764 0.997240 -1.392100 0.000000 0.000000 0.000000 1.000000
0.999479 -0.028952 -0.014252 -0.038100 0.028097 0.997982 -0.056937 9.490500 0.015872 0.056507 0.998276 -1.392100 0.000000 0.000000 0.000000 1.000000
0.999539 -0.026640 -0.014579 -0.038100 0.026043 0.998870 -0.039754 9.490500 0.015622 0.039356 0.999103 -1.392100 0.000000 0.000000 0.000000 1.000000
0.999612 -0.025060 -0.012138 -0.038100 0.024731 0.999343 -0.026485 9.490500 0.012794 0.026174 0.999576 -1.392100 0.000000 0.000000 0.000000 1.000000
0.999721 -0.022019 -0.008540 -0.038100 0.021853 0.999580 -0.019045 9.490500 0.008956 0.018853 0.999782 -1.392100 0.000000 0.000000 0.000000 1.000000
0.999794 -0.019448 -0.005810 -0.038100 0.019351 0.999680 -0.016308 9.490500 0.006125 0.016192 0.999850 -1.392100 0.000000 0.000000 0.000000 1.000000
0.999865 -0.015804 -0.004428 -0.038100 0.015733 0.999753 -0.015710 9.490500 0.004675 0.015638 0.999867 -1.392100 0.000000 0.000000 0.000000 1.000000
0.999922 -0.011937 -0.003749 -0.038100 0.011880 0.999822 -0.014628 9.490500 0.003923 0.014582 0.999886 -1.392100 0.000000 0.000000 0.000000 1.000000
0.999957 -0.008826 -0.002770 -0.038100 0.008793 0.999893 -0.011689 9.490500 0.002873 0.011664 0.999928 -1.392100 0.000000 0.000000 0.000000 1.000000
0.999973 -0.007168 -0.001506 -0.038100 0.007155 0.999938 -0.008506 9.490500 0.001567 0.008495 0.999963 -1.392100 0.000000 0.000000 0.000000 1.000000
