<?xml version="1.0" encoding="utf-8"?>
<COLLADA xmlns="http://www.collada.org/2005/11/COLLADASchema" version="1.4.1">
  <asset><contributor><author>Mixamo</author><authoring_tool>COLLADA Mixamo exporter</authoring_tool><comments></comments></contributor><created>2018-10-30T14:24:19Z</created><modified>2018-10-30T14:24:19Z</modified><revision></revision><title></title><unit meter="0.010000"/><up_axis>Y_UP</up_axis></asset>
  <library_animations>
    <animation id="mixamorig_Hips-anim" name="mixamorig_Hips"><source id="mixamorig_Hips-Matrix-animation-input"><float_array id="mixamorig_Hips-Matrix-animation-input-array" count="49">

0.000000 0.033333 0.066667 0.100000 0.133333 0.166667 0.200000 0.233333 0.266667 0.300000 0.333333 0.366667 0.400000 0.433333 0.466667 0.500000
0.533333 0.566667 0.600000 0.633333 0.666667 0.700000 0.733333 0.766667 0.800000 0.833333 0.866667 0.900000 0.933333 0.966667 1.000000 1.033333
1.066667 1.100000 1.133333 1.166667 1.200000 1.233333 1.266667 1.300000 1.333333 1.366667 1.400000 1.433333 1.466667 1.500000 1.533333 1.566667
1.600000</float_array><technique_common><accessor source="#mixamorig_Hips-Matrix-animation-input-array" count="49"><param name="TIME" type="float"/></accessor></technique_common></source><source id="mixamorig_Hips-Matrix-animation-output-transform"><float_array id="mixamorig_Hips-Matrix-animation-output-transform-array" count="784">

0.592054 0.019148 -0.805671 -0.975629 0.117705 0.986943 0.109953 94.209824 0.797256 -0.159929 0.582070 0.277655 0.000000 0.000000 0.000000 1.000000
0.592044 0.018673 -0.805689 -1.082704 0.117716 0.987005 0.109377 94.160187 0.797262 -0.159599 0.582153 0.339578 0.000000 0.000000 0.000000 1.000000
0.593669 0.018467 -0.804497 -1.245253 0.117765 0.986979 0.109560 94.066673 0.796045 -0.159784 0.583764 0.383009 0.000000 0.000000 0.000000 1.000000
0.597519 0.010541 -0.801785 -1.098438 0.122293 0.987018 0.104114 93.911346 0.792474 -0.160263 0.588473 0.361426 0.000000 0.000000 0.000000 1.000000
0.601656 -0.006584 -0.798728 -0.519131 0.135815 0.986248 0.094175 93.658081 0.787124 -0.165140 0.594276 0.401846 0.000000 0.000000 0.000000 1.000000
0.598052 0.014321 -0.801330 -1.776551 0.139326 0.982759 0.121545 93.603348 0.789255 -0.184336 0.585745 1.116367 0.000000 0.000000 0.000000 1.000000
0.567826 0.140547 -0.811061 -8.257811 0.101680 0.965793 0.238547 94.730446 0.816844 -0.217922 0.534112 3.096617 0.000000 0.000000 0.000000 1.000000
0.484771 0.289923 -0.825192 -15.011784 0.047999 0.933223 0.356077 96.522369 0.873323 -0.212224 0.438483 4.994492 0.000000 0.000000 0.000000 1.000000
0.411669 0.365530 -0.834816 -19.457918 -0.000761 0.916175 0.400778 98.040871 0.911333 -0.164353 0.377438 5.920228 0.000000 0.000000 0.000000 1.000000
0.361312 0.391029 -0.846493 -21.468094 -0.060085 0.915698 0.397351 98.389221 0.930507 -0.092706 0.354348 5.157171 0.000000 0.000000 0.000000 1.000000
0.320530 0.406624 -0.855522 -20.797356 -0.138547 0.913587 0.382314 97.143051 0.937051 -0.004013 0.349168 3.676172 0.000000 0.000000 0.000000 1.000000
0.243178 0.402041 -0.882739 -18.370077 -0.187469 0.912379 0.363896 95.591896 0.951693 0.076994 0.297241 2.263795 0.000000 0.000000 0.000000 1.000000
0.157665 0.393615 -0.905654 -14.437546 -0.231939 0.906229 0.353486 94.175552 0.959868 0.154324 0.234175 1.429951 0.000000 0.000000 0.000000 1.000000
0.136836 0.372134 -0.918037 -11.563010 -0.267690 0.906166 0.327422 93.398445 0.953739 0.200946 0.223613 0.924392 0.000000 0.000000 0.000000 1.000000
0.157112 0.340104 -0.927170 -8.992489 -0.301566 0.910511 0.282892 92.666298 0.940411 0.235157 0.245616 0.447094 0.000000 0.000000 0.000000 1.000000
0.216652 0.291248 -0.931792 -6.566398 -0.338926 0.917535 0.207987 91.883087 0.915528 0.270748 0.297497 -0.111932 0.000000 0.000000 0.000000 1.000000
0.301135 0.234831 -0.924214 -4.271078 -0.368654 0.922515 0.114282 91.059036 0.879439 0.306301 0.364373 -0.690546 0.000000 0.000000 0.000000 1.000000
0.383602 0.174146 -0.906931 -2.117539 -0.378711 0.925350 0.017500 90.163696 0.842275 0.336751 0.420917 -1.180121 0.000000 0.000000 0.000000 1.000000
0.457705 0.113407 -0.881842 -0.277027 -0.367899 0.927096 -0.071725 89.352661 0.809417 0.357257 0.466059 -1.555454 0.000000 0.000000 0.000000 1.000000
0.537395 0.051291 -0.841769 1.249002 -0.340283 0.926474 -0.160789 88.568741 0.771631 0.372847 0.515336 -1.948376 0.000000 0.000000 0.000000 1.000000
0.609770 -0.012250 -0.792483 2.346956 -0.292054 0.926050 -0.239033 87.966728 0.736807 0.377203 0.561100 -2.550894 0.000000 0.000000 0.000000 1.000000
0.662963 -0.057547 -0.746437 3.019698 -0.243457 0.926277 -0.287644 87.388664 0.707961 0.372423 0.600078 -3.235767 0.000000 0.000000 0.000000 1.000000
0.708615 -0.097266 -0.698859 3.292533 -0.191354 0.926845 -0.323021 86.662956 0.679153 0.362627 0.638164 -3.884365 0.000000 0.000000 0.000000 1.000000
0.749063 -0.135852 -0.648420 3.199453 -0.133024 0.927974 -0.348092 86.089066 0.649006 0.346998 0.677040 -4.556570 0.000000 0.000000 0.000000 1.000000
0.775694 -0.162607 -0.609802 2.971180 -0.083118 0.931500 -0.354118 85.510834 0.625613 0.325372 0.709043 -5.124427 0.000000 0.000000 0.000000 1.000000
0.794719 -0.181535 -0.579195 2.709323 -0.044660 0.934153 -0.354067 85.101219 0.605333 0.307250 0.734282 -5.640870 0.000000 0.000000 0.000000 1.000000
0.813937 -0.193993 -0.547606 2.413908 -0.011961 0.936805 -0.349648 84.899567 0.580830 0.291141 0.760180 -6.273363 0.000000 0.000000 0.000000 1.000000
0.829061 -0.208915 -0.518664 2.210798 0.023828 0.939938 -0.340513 84.943130 0.558650 0.269947 0.784244 -6.966608 0.000000 0.000000 0.000000 1.000000
0.835628 -0.239715 -0.494229 2.042475 0.073953 0.940656 -0.331207 85.347229 0.544295 0.240216 0.803766 -7.553013 0.000000 0.000000 0.000000 1.000000
0.833988 -0.257773 -0.487870 1.841446 0.110860 0.944419 -0.309488 85.989807 0.540531 0.204024 0.816211 -8.096580 0.000000 0.000000 0.000000 1.000000
0.828260 -0.263250 -0.494656 1.667234 0.136025 0.950826 -0.278256 86.528168 0.543583 0.163182 0.823340 -8.428417 0.000000 0.000000 0.000000 1.000000
0.811049 -0.263705 -0.522168 1.567514 0.151374 0.956834 -0.248100 87.060844 0.565053 0.122179 0.815958 -8.531774 0.000000 0.000000 0.000000 1.000000
0.786519 -0.254216 -0.562816 1.405298 0.160766 0.964207 -0.210852 87.906761 0.596273 0.075357 0.799237 -8.435942 0.000000 0.000000 0.000000 1.000000
0.762454 -0.232715 -0.603745 1.217109 0.159775 0.971903 -0.172846 88.710968 0.627006 0.035324 0.778213 -8.327534 0.000000 0.000000 0.000000 1.000000
0.741740 -0.212278 -0.636207 0.896522 0.160685 0.977209 -0.138718 89.549179 0.651154 0.000663 0.758945 -8.107613 0.000000 0.000000 0.000000 1.000000
0.721729 -0.184925 -0.667016 0.484296 0.159504 0.982149 -0.099705 90.327942 0.673547 -0.034432 0.738342 -7.789919 0.000000 0.000000 0.000000 1.000000
0.699920 -0.152156 -0.697825 0.060532 0.154432 0.986172 -0.060133 90.971069 0.697325 -0.065678 0.713739 -7.403211 0.000000 0.000000 0.000000 1.000000
0.679528 -0.120385 -0.723705 -0.366510 0.148143 0.988641 -0.025356 91.492706 0.718537 -0.089982 0.689643 -6.880264 0.000000 0.000000 0.000000 1.000000
0.661831 -0.091403 -0.744060 -0.768661 0.143281 0.989665 0.005872 91.965607 0.735833 -0.110496 0.668087 -6.249023 0.000000 0.000000 0.000000 1.000000
0.641915 -0.062216 -0.764247 -1.105806 0.137771 0.989841 0.035136 92.405632 0.754297 -0.127845 0.643966 -5.561519 0.000000 0.000000 0.000000 1.000000
0.618393 -0.029184 -0.785327 -1.301296 0.132445 0.988886 0.067544 92.783966 0.774628 -0.145782 0.615386 -4.822546 0.000000 0.000000 0.000000 1.000000
0.600810 -0.007814 -0.799354 -1.451309 0.129346 0.987726 0.087564 93.120079 0.788858 -0.156003 0.594446 -4.000507 0.000000 0.000000 0.000000 1.000000
0.591473 0.005048 -0.806309 -1.547591 0.127350 0.986845 0.099597 93.435059 0.796204 -0.161593 0.583050 -3.158076 0.000000 0.000000 0.000000 1.000000
0.589885 0.010784 -0.807415 -1.534978 0.125480 0.986540 0.104851 93.674744 0.797678 -0.163164 0.580592 -2.388685 0.000000 0.000000 0.000000 1.000000
0.589755 0.014471 -0.807453 -1.450469 0.123445 0.986474 0.107842 93.828499 0.798092 -0.163277 0.579992 -1.763991 0.000000 0.000000 0.000000 1.000000
0.590332 0.016712 -0.806987 -1.341436 0.121503 0.986553 0.109314 93.958580 0.797963 -0.162583 0.580364 -1.161339 0.000000 0.000000 0.000000 1.000000
0.591126 0.017999 -0.806379 -1.216548 0.119844 0.986694 0.109877 94.065819 0.797626 -0.161591 0.581103 -0.601010 0.000000 0.000000 0.000000 1.000000
0.591834 0.018695 -0.805843 -1.086075 0.118558 0.986839 0.109966 94.151199 0.797293 -0.160621 0.581829 -0.099605 0.000000 0.000000 0.000000 1.000000
0.592145 0.019041 -0.805607 -0.975860 0.117869 0.986922 0.109963 94.209770 0.797165 -0.160070 0.582156 0.277288 0.000000 0.000000 0.000000 1.000000</float_array><technique_common><accessor source="#mixamorig_Hips-Matrix-animation-output-transform-array" count="49" stride="16"><param type="float4x4"/></accessor></technique_common></source><source id="mixamorig_Hips-Interpolations"><Name_array id="mixamorig_Hips-Interpolations-array" count="49">
 LINEAR LINEAR LINEAR LINEAR LINEAR LINEAR LINEAR LINEAR LINEAR LINEAR LINEAR
LINEAR LINEAR LINEAR LINEAR LINEAR LINEAR LINEAR LINEAR LINEAR LINEAR LINEAR LINEAR
LINEAR LINEAR LINEAR LINEAR LINEAR LINEAR LINEAR LINEAR LINEAR LINEAR LINEAR LINEAR
LINEAR LINEAR LINEAR LINEAR LINEAR LINEAR LINEAR LINEAR LINEAR LINEAR LINEAR LINEAR
LINEAR LINEAR</Name_array><technique_common><accessor source="#mixamorig_Hips-Interpolations-array" count="49"><param type="name"/></accessor></technique_common></source><sampler id="mixamorig_Hips-Matrix-animation-transform"><input semantic="INPUT" source="#mixamorig_Hips-Matrix-animation-input"/><input semantic="OUTPUT" source="#mixamorig_Hips-Matrix-animation-output-transform"/><input semantic="INTERPOLATION" source="#mixamorig_Hips-Interpolations"/></sampler><channel source="#mixamorig_Hips-Matrix-animation-transform" target="mixamorig_Hips/matrix"/></animation>
    <animation id="mixamorig_Spine-anim" name="mixamorig_Spine"><source id="mixamorig_Spine-Matrix-animation-input"><float_array id="mixamorig_Spine-Matrix-animation-input-array" count="49">

0.000000 0.033333 0.066667 0.100000 0.133333 0.166667 0.200000 0.233333 0.266667 0.300000 0.333333 0.366667 0.400000 0.433333 0.466667 0.500000
0.533333 0.566667 0.600000 0.633333 0.666667 0.700000 0.733333 0.766667 0.800000 0.833333 0.866667 0.900000 0.933333 0.966667 1.000000 1.033333
1.066667 1.100000 1.133333 1.166667 1.200000 1.233333 1.266667 1.300000 1.333333 1.366667 1.400000 1.433333 1.466667 1.500000 1.533333 1.566667
1.600000</float_array><technique_common><accessor source="#mixamorig_Spine-Matrix-animation-input-array" count="49"><param name="TIME" type="float"/></accessor></technique_common></source><source id="mixamorig_Spine-Matrix-animation-output-transform"><float_array id="mixamorig_Spine-Matrix-animation-output-transform-array" count="784">

0.998281 0.056533 0.015470 -0.038100 -0.054344 0.991646 -0.116982 9.490500 -0.021954 0.115940 0.993014 -1.392100 0.000000 0.000000 0.000000 1.000000
0.998242 0.057173 0.015652 -0.038100 -0.054970 0.991669 -0.116495 9.490500 -0.022182 0.115429 0.993068 -1.392100 0.000000 0.000000 0.000000 1.000000
0.998210 0.057720 0.015638 -0.038100 -0.055535 0.991738 -0.115633 9.490500 -0.022183 0.114557 0.993169 -1.392100 0.000000 0.000000 0.000000 1.000000
0.998357 0.055672 0.013593 -0.038100 -0.053638 0.991274 -0.120409 9.490500 -0.020178 0.119482 0.992631 -1.392100 0.000000 0.000000 0.000000 1.000000
0.998692 0.049764 0.011714 -0.038100 -0.047773 0.989994 -0.132775 9.490500 -0.018204 0.132042 0.991077 -1.392100 0.000000 0.000000 0.000000 1.000000
0.998060 0.056811 0.025466 -0.038100 -0.053184 0.990654 -0.125607 9.490500 -0.032364 0.124009 0.991753 -1.392100 0.000000 0.000000 0.000000 1.000000
0.993477 0.092868 0.066168 -0.038100 -0.089361 0.994527 -0.054132 9.490500 -0.070833 0.047866 0.996339 -1.392100 0.000000 0.000000 0.000000 1.000000
0.987266 0.123172 0.100669 -0.038100 -0.125989 0.991785 0.022102 9.490500 -0.097120 -0.034504 0.994674 -1.392100 0.000000 0.000000 0.000000 1.000000
0.984887 0.149853 0.086841 -0.038100 -0.155124 0.986221 0.057478 9.490500 -0.077031 -0.070080 0.994563 -1.392100 0.000000 0.000000 0.000000 1.000000
0.983315 0.177777 0.038561 -0.038100 -0.180344 0.980455 0.078642 9.490500 -0.023827 -0.084284 0.996157 -1.392100 0.000000 0.000000 0.000000 1.000000
0.983493 0.178548 -0.029373 -0.038100 -0.175554 0.980859 0.084239 9.490500 0.043851 -0.077692 0.996013 -1.392100 0.000000 0.000000 0.000000 1.000000
0.981963 0.172535 -0.077335 -0.038100 -0.166669 0.983016 0.076821 9.490500 0.089276 -0.062546 0.994041 -1.392100 0.000000 0.000000 0.000000 1.000000
0.980796 0.166760 -0.101141 -0.038100 -0.162962 0.985616 0.044779 9.490500 0.107153 -0.027437 0.993864 -1.392100 0.000000 0.000000 0.000000 1.000000
0.978710 0.175968 -0.105651 -0.038100 -0.175429 0.984386 0.014448 9.490500 0.106544 0.004394 0.994298 -1.392100 0.000000 0.000000 0.000000 1.000000
0.976011 0.190113 -0.106109 -0.038100 -0.192885 0.981084 -0.016408 9.490500 0.100983 0.036481 0.994219 -1.392100 0.000000 0.000000 0.000000 1.000000
0.972887 0.205533 -0.106056 -0.038100 -0.211170 0.976420 -0.044858 9.490500 0.094335 0.066037 0.993348 -1.392100 0.000000 0.000000 0.000000 1.000000
0.971580 0.216284 -0.096193 -0.038100 -0.223789 0.971708 -0.075515 9.490500 0.077139 0.094896 0.992494 -1.392100 0.000000 0.000000 0.000000 1.000000
0.971450 0.224952 -0.075379 -0.038100 -0.232351 0.966314 -0.110682 9.490500 0.047942 0.125036 0.990993 -1.392100 0.000000 0.000000 0.000000 1.000000
0.972849 0.225796 -0.050796 -0.038100 -0.230881 0.962078 -0.145255 9.490500 0.016072 0.153039 0.988089 -1.392100 0.000000 0.000000 0.000000 1.000000
0.974761 0.220999 -0.031616 -0.038100 -0.223161 0.960572 -0.165836 9.490500 -0.006280 0.168706 0.985646 -1.392100 0.000000 0.000000 0.000000 1.000000
0.976633 0.214333 -0.015770 -0.038100 -0.213690 0.960648 -0.177462 9.490500 -0.022887 0.176686 0.984001 -1.392100 0.000000 0.000000 0.000000 1.000000
0.979370 0.202075 -0.000146 -0.038100 -0.198185 0.960375 -0.195966 9.490500 -0.039460 0.191952 0.980611 -1.392100 0.000000 0.000000 0.000000 1.000000
0.982922 0.183861 0.007676 -0.038100 -0.178232 0.961553 -0.208926 9.490500 -0.045794 0.203990 0.977901 -1.392100 0.000000 0.000000 0.000000 1.000000
0.986210 0.164815 0.015011 -0.038100 -0.157647 0.963164 -0.217859 9.490500 -0.050365 0.212488 0.975865 -1.392100 0.000000 0.000000 0.000000 1.000000
0.988783 0.144996 0.035845 -0.038100 -0.132914 0.963666 -0.231693 9.490500 -0.068137 0.224330 0.972128 -1.392100 0.000000 0.000000 0.000000 1.000000
0.991386 0.119683 0.053199 -0.038100 -0.103473 0.964721 -0.242088 9.490500 -0.080296 0.234497 0.968795 -1.392100 0.000000 0.000000 0.000000 1.000000
0.994293 0.091082 0.055540 -0.038100 -0.074797 0.966423 -0.245830 9.490500 -0.076066 0.240273 0.967720 -1.392100 0.000000 0.000000 0.000000 1.000000
0.996270 0.070663 0.049516 -0.038100 -0.056345 0.967405 -0.246885 9.490500 -0.065348 0.243174 0.967779 -1.392100 0.000000 0.000000 0.000000 1.000000
0.997421 0.061518 0.036980 -0.038100 -0.050655 0.968308 -0.244568 9.490500 -0.050853 0.242063 0.968927 -1.392100 0.000000 0.000000 0.000000 1.000000
0.998042 0.052816 0.033498 -0.038100 -0.043080 0.968822 -0.243984 9.490500 -0.045340 0.242063 0.969200 -1.392100 0.000000 0.000000 0.000000 1.000000
0.998571 0.045969 0.027243 -0.038100 -0.038250 0.970931 -0.236283 9.490500 -0.037313 0.234904 0.971302 -1.392100 0.000000 0.000000 0.000000 1.000000
0.998840 0.040683 0.025757 -0.038100 -0.033717 0.972828 -0.229061 9.490500 -0.034376 0.227927 0.973071 -1.392100 0.000000 0.000000 0.000000 1.000000
0.998963 0.040442 0.020891 -0.038100 -0.034567 0.972600 -0.229900 9.490500 -0.029616 0.228939 0.972990 -1.392100 0.000000 0.000000 0.000000 1.000000
0.999091 0.040394 0.013633 -0.038100 -0.036240 0.973107 -0.227483 9.490500 -0.022455 0.226783 0.973687 -1.392100 0.000000 0.000000 0.000000 1.000000
0.999187 0.039955 0.005367 -0.038100 -0.037782 0.974532 -0.221041 9.490500 -0.014062 0.220659 0.975250 -1.392100 0.000000 0.000000 0.000000 1.000000
0.999139 0.041433 -0.002189 -0.038100 -0.040925 0.975475 -0.216271 9.490500 -0.006826 0.216174 0.976331 -1.392100 0.000000 0.000000 0.000000 1.000000
0.999073 0.042538 -0.006609 -0.038100 -0.042974 0.976498 -0.211200 9.490500 -0.002530 0.211288 0.977421 -1.392100 0.000000 0.000000 0.000000 1.000000
0.998940 0.045061 -0.009375 -0.038100 -0.046025 0.978353 -0.201762 9.490500 0.000081 0.201979 0.979390 -1.392100 0.000000 0.000000 0.000000 1.000000
0.998767 0.048633 -0.009980 -0.038100 -0.049643 0.980466 -0.190322 9.490500 0.000529 0.190583 0.981671 -1.392100 0.000000 0.000000 0.000000 1.000000
0.998691 0.050516 -0.008087 -0.038100 -0.051144 0.982047 -0.181572 9.490500 -0.001231 0.181748 0.983344 -1.392100 0.000000 0.000000 0.000000 1.000000
0.998482 0.054805 -0.005433 -0.038100 -0.054895 0.982431 -0.178369 9.490500 -0.004438 0.178397 0.983949 -1.392100 0.000000 0.000000 0.000000 1.000000
0.998261 0.058937 -0.000744 -0.038100 -0.058202 0.983659 -0.170378 9.490500 -0.009310 0.170125 0.985379 -1.392100 0.000000 0.000000 0.000000 1.000000
0.997998 0.063090 0.004522 -0.038100 -0.061575 0.985404 -0.158708 9.490500 -0.014469 0.158112 0.987315 -1.392100 0.000000 0.000000 0.000000 1.000000
0.997807 0.065604 0.008756 -0.038100 -0.063607 0.987066 -0.147153 9.490500 -0.018297 0.146274 0.989075 -1.392100 0.000000 0.000000 0.000000 1.000000
0.997690 0.066897 0.011795 -0.038100 -0.064613 0.988164 -0.139131 9.490500 -0.020962 0.138047 0.990204 -1.392100 0.000000 0.000000 0.000000 1.000000
0.997809 0.064837 0.013186 -0.038100 -0.062530 0.989224 -0.132385 9.490500 -0.021627 0.131271 0.991111 -1.392100 0.000000 0.000000 0.000000 1.000000
0.997979 0.061987 0.013982 -0.038100 -0.059736 0.990207 -0.126185 9.490500 -0.021667 0.125094 0.991908 -1.392100 0.000000 0.000000 0.000000 1.000000
0.998148 0.058944 0.015008 -0.038100 -0.056706 0.991042 -0.120918 9.490500 -0.022001 0.119843 0.992549 -1.392100 0.000000 0.000000 0.000000 1.000000
0.998280 0.056540 0.015470 -0.038100 -0.054351 0.991646 -0.116982 9.490500 -0.021955 0.115940 0.993014 -1.392100 0.000000 0.000000 0.000000 1.000000</float_array><technique_common><accessor source="#mixamorig_Spine-Matrix-animation-output-transform-array" count="49" stride="16"><param type="float4x4"/></accessor></technique_common></source><source id="mixamorig_Spine-Interpolations"><Name_array id="mixamorig_Spine-Interpolations-array" count="49">
 LINEAR LINEAR LINEAR LINEAR LINEAR LINEAR LINEAR LINEAR LINEAR LINEAR LINEAR
LINEAR LINEAR LINEAR LINEAR LINEAR LINEAR LINEAR LINEAR LINEAR LINEAR LINEAR LINEAR
LINEAR LINEAR LINEAR LINEAR LINEAR LINEAR LINEAR LINEAR LINEAR LINEAR LINEAR LINEAR
LINEAR LINEAR LINEAR LINEAR LINEAR LINEAR LINEAR LINEAR LINEAR LINEAR LINEAR LINEAR
LINEAR LINEAR</Name_array><technique_common><accessor source="#mixamorig_Spine-Interpolations-array" count="49"><param type="name"/></accessor></technique_common></source><sampler id="mixamorig_Spine-Matrix-animation-transform"><input semantic="INPUT" source="#mixamorig_Spine-Matrix-animation-input"/><input semantic="OUTPUT" source="#mixamorig_Spine-Matrix-animation-output-transform"/><input semantic="INTERPOLATION" source="#mixamorig_Spine-Interpolations"/></sampler><channel source="#mixamorig_Spine-Matrix-animation-transform" target="mixamorig_Spine/matrix"/></animation>
    <animation id="mixamorig_Spine1-anim" name="mixamorig_Spine1"><source id="mixamorig_Spine1-Matrix-animation-input"><float_array id="mixamorig_Spine1-Matrix-animation-input-array" count="49">

0.000000 0.033333 0.066667 0.100000 0.133333 0.166667 0.200000 0.233333 0.266667 0.300000 0.333333 0.366667 0.400000 0.433333 0.466667 0.500000
0.533333 0.566667 0.600000 0.633333 0.666667 0.700000 0.733333 0.766667 0.800000 0.833333 0.866667 0.900000 0.933333 0.966667 1.000000 1.033333
1.066667 1.100000 1.133333 1.166667 1.200000 1.233333 1.266667 1.300000 1.333333 1.366667 1.400000 1.433333 1.466667 1.500000 1.533333 1.566667
1.600000</float_array><technique_common><accessor source="#mixamorig_Spine1-Matrix-animation-input-array" count="49"><param name="TIME" type="float"/></accessor></technique_common></source><source id="mixamorig_Spine1-Matrix-animation-output-transform"><float_array id="mixamorig_Spine1-Matrix-animation-output-transform-array" count="784">

0.995409 0.092035 0.026286 -0.044200 -0.083461 0.969044 -0.232355 11.072300 -0.046857 0.229094 0.972276 -1.624100 0.000000 0.000000 0.000000 1.000000
0.995350 0.092667 0.026285 -0.044200 -0.084099 0.969101 -0.231887 11.072300 -0.046961 0.228598 0.972388 -1.624100 0.000000 0.000000 0.000000 1.000000
0.995301 0.093268 0.026002 -0.044200 -0.084782 0.969205 -0.231199 11.072300 -0.046765 0.227908 0.972559 -1.624100 0.000000 0.000000 0.000000 1.000000
0.994937 0.097460 0.024527 -0.044200 -0.089564 0.970578 -0.223509 11.072300 -0.045589 0.220180 0.974393 -1.624100 0.000000 0.000000 0.000000 1.000000
0.993875 0.107888 0.023926 -0.044200 -0.100770 0.973660 -0.204526 11.072300 -0.045362 0.200862 0.978569 -1.624100 0.000000 0.000000 0.000000 1.000000
0.992001 0.121782 0.033211 -0.044200 -0.113290 0.974983 -0.191244 11.072300 -0.055671 0.185952 0.980980 -1.624100 0.000000 0.000000 0.000000 1.000000
0.989884 0.131212 0.053976 -0.044200 -0.118100 0.972847 -0.199050 11.072300 -0.078628 0.190662 0.978502 -1.624100 0.000000 0.000000 0.000000 1.000000
0.987825 0.141452 0.064751 -0.044200 -0.128667 0.976828 -0.171029 11.072300 -0.087443 0.160616 0.983136 -1.624100 0.000000 0.000000 0.000000 1.000000
0.985626 0.164573 0.038178 -0.044200 -0.160147 0.982107 -0.099086 11.072300 -0.053802 0.091548 0.994346 -1.624100 0.000000 0.000000 0.000000 1.000000
0.982280 0.186716 -0.016224 -0.044200 -0.187096 0.981986 -0.026415 11.072300 0.011000 0.028983 0.999519 -1.624100 0.000000 0.000000 0.000000 1.000000
0.980466 0.181130 -0.076676 -0.044200 -0.182450 0.983159 -0.010513 11.072300 0.073480 0.024297 0.997001 -1.624100 0.000000 0.000000 0.000000 1.000000
0.978843 0.167122 -0.118055 -0.044200 -0.171037 0.984978 -0.023769 11.072300 0.112309 0.043458 0.992723 -1.624100 0.000000 0.000000 0.000000 1.000000
0.978509 0.158037 -0.132457 -0.044200 -0.167697 0.983681 -0.065194 11.072300 0.119992 0.086006 0.989042 -1.624100 0.000000 0.000000 0.000000 1.000000
0.977531 0.163665 -0.132838 -0.044200 -0.177547 0.978981 -0.100368 11.072300 0.113619 0.121698 0.986043 -1.624100 0.000000 0.000000 0.000000 1.000000
0.975971 0.174478 -0.130528 -0.044200 -0.191654 0.972378 -0.133229 11.072300 0.103677 0.155044 0.982452 -1.624100 0.000000 0.000000 0.000000 1.000000
0.973566 0.188772 -0.128584 -0.044200 -0.208304 0.964751 -0.160824 11.072300 0.093693 0.183358 0.978571 -1.624100 0.000000 0.000000 0.000000 1.000000
0.971615 0.205429 -0.117316 -0.044200 -0.224720 0.956441 -0.186336 11.072300 0.073927 0.207410 0.975457 -1.624100 0.000000 0.000000 0.000000 1.000000
0.970183 0.222581 -0.095934 -0.044200 -0.238483 0.947288 -0.213940 11.072300 0.043258 0.230440 0.972125 -1.624100 0.000000 0.000000 0.000000 1.000000
0.970010 0.232695 -0.070244 -0.044200 -0.242869 0.939504 -0.241552 11.072300 0.009786 0.251368 0.967842 -1.624100 0.000000 0.000000 0.000000 1.000000
0.970370 0.236143 -0.051179 -0.044200 -0.241261 0.935276 -0.258943 11.072300 -0.013281 0.263618 0.964536 -1.624100 0.000000 0.000000 0.000000 1.000000
0.971756 0.233438 -0.034587 -0.044200 -0.233987 0.934082 -0.269705 11.072300 -0.030652 0.270181 0.962322 -1.624100 0.000000 0.000000 0.000000 1.000000
0.973581 0.227823 -0.015359 -0.044200 -0.222503 0.931436 -0.287957 11.072300 -0.051298 0.283767 0.957520 -1.624100 0.000000 0.000000 0.000000 1.000000
0.976523 0.215404 -0.002165 -0.044200 -0.206024 0.930971 -0.301410 11.072300 -0.062910 0.294779 0.953492 -1.624100 0.000000 0.000000 0.000000 1.000000
0.979564 0.201078 0.004751 -0.044200 -0.189783 0.931847 -0.309263 11.072300 -0.066613 0.302041 0.950965 -1.624100 0.000000 0.000000 0.000000 1.000000
0.982249 0.186763 0.017519 -0.044200 -0.171851 0.933378 -0.315076 11.072300 -0.075196 0.306472 0.948905 -1.624100 0.000000 0.000000 0.000000 1.000000
0.985470 0.167038 0.030781 -0.044200 -0.148217 0.934220 -0.324445 11.072300 -0.082951 0.315169 0.945403 -1.624100 0.000000 0.000000 0.000000 1.000000
0.988583 0.145867 0.037763 -0.044200 -0.125199 0.934657 -0.332777 11.072300 -0.083837 0.324250 0.942249 -1.624100 0.000000 0.000000 0.000000 1.000000
0.990555 0.131284 0.039568 -0.044200 -0.110261 0.934194 -0.339299 11.072300 -0.081509 0.331731 0.939846 -1.624100 0.000000 0.000000 0.000000 1.000000
0.992327 0.116176 0.042316 -0.044200 -0.094749 0.934393 -0.343412 11.072300 -0.079436 0.336767 0.938231 -1.624100 0.000000 0.000000 0.000000 1.000000
0.993396 0.105235 0.045708 -0.044200 -0.083262 0.935324 -0.343856 11.072300 -0.078938 0.337780 0.937909 -1.624100 0.000000 0.000000 0.000000 1.000000
0.994277 0.098219 0.042024 -0.044200 -0.078294 0.937568 -0.338875 11.072300 -0.072684 0.333646 0.939892 -1.624100 0.000000 0.000000 0.000000 1.000000
0.994689 0.094974 0.039663 -0.044200 -0.076421 0.939654 -0.333483 11.072300 -0.068942 0.328681 0.941921 -1.624100 0.000000 0.000000 0.000000 1.000000
0.994925 0.093457 0.037276 -0.044200 -0.075749 0.939572 -0.333867 11.072300 -0.066226 0.329349 0.941883 -1.624100 0.000000 0.000000 0.000000 1.000000
0.995341 0.091104 0.031573 -0.044200 -0.075533 0.940263 -0.331964 11.072300 -0.059930 0.328033 0.942763 -1.624100 0.000000 0.000000 0.000000 1.000000
0.995787 0.088639 0.023468 -0.044200 -0.076152 0.942025 -0.326786 11.072300 -0.051074 0.323622 0.944807 -1.624100 0.000000 0.000000 0.000000 1.000000
0.995978 0.088123 0.016200 -0.044200 -0.078205 0.943228 -0.322808 11.072300 -0.043727 0.320243 0.946326 -1.624100 0.000000 0.000000 0.000000 1.000000
0.996159 0.086683 0.012387 -0.044200 -0.078213 0.944444 -0.319232 11.072300 -0.039371 0.317037 0.947596 -1.624100 0.000000 0.000000 0.000000 1.000000
0.996272 0.085764 0.009341 -0.044200 -0.078546 0.946515 -0.312955 11.072300 -0.035681 0.311054 0.949722 -1.624100 0.000000 0.000000 0.000000 1.000000
0.996198 0.086799 0.007466 -0.044200 -0.080408 0.949053 -0.304685 11.072300 -0.033532 0.302926 0.952424 -1.624100 0.000000 0.000000 0.000000 1.000000
0.996220 0.086433 0.008690 -0.044200 -0.079926 0.951194 -0.298064 11.072300 -0.034029 0.296242 0.954506 -1.624100 0.000000 0.000000 0.000000 1.000000
0.996104 0.087519 0.010799 -0.044200 -0.080516 0.952601 -0.293375 11.072300 -0.035963 0.291363 0.955936 -1.624100 0.000000 0.000000 0.000000 1.000000
0.995969 0.088506 0.014594 -0.044200 -0.080712 0.955208 -0.284717 11.072300 -0.039140 0.282391 0.958501 -1.624100 0.000000 0.000000 0.000000 1.000000
0.995805 0.089612 0.018480 -0.044200 -0.081144 0.958250 -0.274177 11.072300 -0.042278 0.271527 0.961502 -1.624100 0.000000 0.000000 0.000000 1.000000
0.995510 0.092490 0.020119 -0.044200 -0.083974 0.961088 -0.263170 11.072300 -0.043677 0.260299 0.964540 -1.624100 0.000000 0.000000 0.000000 1.000000
0.995264 0.094797 0.021507 -0.044200 -0.086238 0.963179 -0.254656 11.072300 -0.044856 0.251595 0.966792 -1.624100 0.000000 0.000000 0.000000 1.000000
0.995228 0.094763 0.023285 -0.044200 -0.086088 0.964996 -0.247733 11.072300 -0.045946 0.244546 0.968549 -1.624100 0.000000 0.000000 0.000000 1.000000
0.995238 0.094285 0.024749 -0.044200 -0.085572 0.966639 -0.241424 11.072300 -0.046686 0.238157 0.970104 -1.624100 0.000000 0.000000 0.000000 1.000000
0.995322 0.093148 0.025659 -0.044200 -0.084513 0.968067 -0.236018 11.072300 -0.046824 0.232745 0.971410 -1.624100 0.000000 0.000000 0.000000 1.000000
0.995410 0.092028 0.026280 -0.044200 -0.083456 0.969045 -0.232349 11.072300 -0.046849 0.229089 0.972277 -1.624100 0.000000 0.000000 0.000000 1.000000</float_array><technique_common><accessor source="#mixamorig_Spine1-Matrix-animation-output-transform-array" count="49" stride="16"><param type="float4x4"/></accessor></technique_common></source><source id="mixamorig_Spine1-Interpolations"><Name_array id="mixamorig_Spine1-Interpolations-array" count="49">
 LINEAR LINEAR LINEAR LINEAR LINEAR LINEAR LINEAR LINEAR LINEAR LINEAR LINEAR
LINEAR LINEAR LINEAR LINEAR LINEAR LINEAR LINEAR LINEAR LINEAR LINEAR LINEAR LINEAR
LINEAR LINEAR LINEAR LINEAR LINEAR LINEAR LINEAR LINEAR LINEAR LINEAR LINEAR LINEAR
LINEAR LINEAR LINEAR LINEAR LINEAR LINEAR LINEAR LINEAR LINEAR LINEAR LINEAR LINEAR
LINEAR LINEAR</Name_array><technique_common><accessor source="#mixamorig_Spine1-Interpolations-array" count="49"><param type="name"/></accessor></technique_common></source><sampler id="mixamorig_Spine1-Matrix-animation-transform"><input semantic="INPUT" source="#mixamorig_Spine1-Matrix-animation-input"/><input semantic="OUTPUT" source="#mixamorig_Spine1-Matrix-animation-output-transform"/><input semantic="INTERPOLATION" source="#mixamorig_Spine1-Interpolations"/></sampler><channel source="#mixamorig_Spine1-Matrix-animation-transform" target="mixamorig_Spine1/matrix"/></animation>
    <animation id="mixamorig_Spine2-anim" name="mixamorig_Spine2"><source id="mixamorig_Spine2-Matrix-animation-input"><float_array id="mixamorig_Spine2-Matrix-animation-input-array" count="49">

0.000000 0.033333 0.066667 0.100000 0.133333 0.166667 0.200000 0.233333 0.266667 0.300000 0.333333 0.366667 0.400000 0.433333 0.466667 0.500000
0.533333 0.566667 0.600000 0.633333 0.666667 0.700000 0.733333 0.766667 0.800000 0.833333 0.866667 0.900000 0.933333 0.966667 1.000000 1.033333
1.066667 1.100000 1.133333 1.166667 1.200000 1.233333 1.266667 1.300000 1.333333 1.366667 1.400000 1.433333 1.466667 1.500000 1.533333 1.566667
1.600000</float_array><technique_common><accessor source="#mixamorig_Spine2-Matrix-animation-input-array" count="49"><param name="TIME" type="float"/></accessor></technique_common></source><source id="mixamorig_Spine2-Matrix-animation-output-transform"><float_array id="mixamorig_Spine2-Matrix-animation-output-transform-array" count="784">

0.995412 0.092046 0.026142 -0.050500 -0.083505 0.969040 -0.232355 12.654000 -0.046720 0.229105 0.972280 -1.856100 0.000000 0.000000 0.000000 1.000000
0.995355 0.092652 0.026142 -0.050500 -0.084119 0.969104 -0.231867 12.654000 -0.046817 0.228591 0.972396 -1.856100 0.000000 0.000000 0.000000 1.000000
0.995305 0.093271 0.025873 -0.050500 -0.084816 0.969207 -0.231181 12.654000 -0.046639 0.227901 0.972567 -1.856100 0.000000 0.000000 0.000000 1.000000
0.994974 0.097471 0.022959 -0.050500 -0.089913 0.970509 -0.223669 12.654000 -0.044083 0.220480 0.974395 -1.856100 0.000000 0.000000 0.000000 1.000000
0.993955 0.108101 0.019150 -0.050500 -0.101919 0.973434 -0.205034 12.654000 -0.040805 0.201843 0.978568 -1.856100 0.000000 0.000000 0.000000 1.000000
0.992216 0.121549 0.027065 -0.050500 -0.114179 0.974764 -0.191830 12.654000 -0.049699 0.187246 0.981055 -1.856100 0.000000 0.000000 0.000000 1.000000
0.990322 0.128642 0.052089 -0.050500 -0.115917 0.973060 -0.199291 12.654000 -0.076323 0.191325 0.978555 -1.856100 0.000000 0.000000 0.000000 1.000000
0.988216 0.138308 0.065577 -0.050500 -0.125426 0.977255 -0.171001 12.654000 -0.087736 0.160761 0.983086 -1.856100 0.000000 0.000000 0.000000 1.000000
0.986095 0.162932 0.032706 -0.050500 -0.159006 0.982270 -0.099314 12.654000 -0.048308 0.092733 0.994518 -1.856100 0.000000 0.000000 0.000000 1.000000
0.982257 0.185211 -0.029477 -0.050500 -0.185989 0.982200 -0.026300 12.654000 0.024081 0.031316 0.999219 -1.856100 0.000000 0.000000 0.000000 1.000000
0.979853 0.177551 -0.091457 -0.050500 -0.179228 0.983753 -0.010396 12.654000 0.088126 0.026578 0.995755 -1.856100 0.000000 0.000000 0.000000 1.000000
0.977981 0.163431 -0.129780 -0.050500 -0.167843 0.985528 -0.023751 12.654000 0.124020 0.045011 0.991258 -1.856100 0.000000 0.000000 0.000000 1.000000
0.977830 0.157526 -0.137967 -0.050500 -0.167547 0.983769 -0.064241 12.654000 0.125609 0.085933 0.988351 -1.856100 0.000000 0.000000 0.000000 1.000000
0.977025 0.165840 -0.133866 -0.050500 -0.179611 0.978815 -0.098293 12.654000 0.114729 0.120078 0.986113 -1.856100 0.000000 0.000000 0.000000 1.000000
0.975532 0.178563 -0.128272 -0.050500 -0.195069 0.972092 -0.130325 12.654000 0.101421 0.152158 0.983139 -1.856100 0.000000 0.000000 0.000000 1.000000
0.973070 0.193777 -0.124842 -0.050500 -0.212255 0.964456 -0.157395 12.654000 0.089906 0.179654 0.979613 -1.856100 0.000000 0.000000 0.000000 1.000000
0.971000 0.210371 -0.113589 -0.050500 -0.228555 0.956208 -0.182838 12.654000 0.070151 0.203497 0.976559 -1.856100 0.000000 0.000000 0.000000 1.000000
0.969447 0.227384 -0.092029 -0.050500 -0.242132 0.947136 -0.210488 12.654000 0.039302 0.226340 0.973255 -1.856100 0.000000 0.000000 0.000000 1.000000
0.969199 0.237222 -0.066171 -0.050500 -0.246213 0.939460 -0.238315 12.654000 0.005631 0.247267 0.968931 -1.856100 0.000000 0.000000 0.000000 1.000000
0.969560 0.240184 -0.047596 -0.050500 -0.244266 0.935309 -0.255991 12.654000 -0.016968 0.259825 0.965507 -1.856100 0.000000 0.000000 0.000000 1.000000
0.971034 0.236832 -0.031686 -0.050500 -0.236557 0.934158 -0.267188 12.654000 -0.033679 0.266944 0.963123 -1.856100 0.000000 0.000000 0.000000 1.000000
0.973002 0.230430 -0.012990 -0.050500 -0.224431 0.931544 -0.286105 12.654000 -0.053827 0.281296 0.958110 -1.856100 0.000000 0.000000 0.000000 1.000000
0.976119 0.217238 -0.000570 -0.050500 -0.207387 0.931067 -0.300175 12.654000 -0.064679 0.293124 0.953884 -1.856100 0.000000 0.000000 0.000000 1.000000
0.979304 0.202315 0.005601 -0.050500 -0.190761 0.931914 -0.308457 12.654000 -0.067625 0.301005 0.951222 -1.856100 0.000000 0.000000 0.000000 1.000000
0.982135 0.187369 0.017434 -0.050500 -0.172486 0.933402 -0.314657 12.654000 -0.075230 0.306029 0.949045 -1.856100 0.000000 0.000000 0.000000 1.000000
0.985464 0.167094 0.030651 -0.050500 -0.148319 0.934234 -0.324358 12.654000 -0.082834 0.315097 0.945438 -1.856100 0.000000 0.000000 0.000000 1.000000
0.988691 0.145255 0.037294 -0.050500 -0.124755 0.934645 -0.332980 12.654000 -0.083224 0.324561 0.942196 -1.856100 0.000000 0.000000 0.000000 1.000000
0.990766 0.130029 0.038410 -0.050500 -0.109425 0.934133 -0.339738 12.654000 -0.080056 0.332398 0.939735 -1.856100 0.000000 0.000000 0.000000 1.000000
0.992472 0.114959 0.042227 -0.050500 -0.093605 0.934387 -0.343744 12.654000 -0.078973 0.337203 0.938114 -1.856100 0.000000 0.000000 0.000000 1.000000
0.993522 0.103923 0.045971 -0.050500 -0.081913 0.935337 -0.344144 12.654000 -0.078763 0.338149 0.937791 -1.856100 0.000000 0.000000 0.000000 1.000000
0.994417 0.096794 0.042013 -0.050500 -0.076931 0.937571 -0.339178 12.654000 -0.072220 0.334052 0.939784 -1.856100 0.000000 0.000000 0.000000 1.000000
0.994782 0.093916 0.039863 -0.050500 -0.075341 0.939669 -0.333685 12.654000 -0.068796 0.328940 0.941841 -1.856100 0.000000 0.000000 0.000000 1.000000
0.994969 0.092718 0.037940 -0.050500 -0.074824 0.939609 -0.333971 12.654000 -0.066614 0.329452 0.941819 -1.856100 0.000000 0.000000 0.000000 1.000000
0.995348 0.090687 0.032537 -0.050500 -0.074819 0.940308 -0.331998 12.654000 -0.060703 0.328019 0.942719 -1.856100 0.000000 0.000000 0.000000 1.000000
0.995772 0.088518 0.024554 -0.050500 -0.075686 0.942066 -0.326777 12.654000 -0.052057 0.323537 0.944782 -1.856100 0.000000 0.000000 0.000000 1.000000
0.995939 0.088311 0.017540 -0.050500 -0.077956 0.943269 -0.322748 12.654000 -0.045048 0.320070 0.946322 -1.856100 0.000000 0.000000 0.000000 1.000000
0.996105 0.087072 0.013926 -0.050500 -0.078098 0.944484 -0.319140 12.654000 -0.040941 0.316809 0.947605 -1.856100 0.000000 0.000000 0.000000 1.000000
0.996214 0.086279 0.010675 -0.050500 -0.078625 0.946545 -0.312842 12.654000 -0.037096 0.310818 0.949745 -1.856100 0.000000 0.000000 0.000000 1.000000
0.996140 0.087381 0.008350 -0.050500 -0.080699 0.949071 -0.304551 12.654000 -0.034537 0.302701 0.952460 -1.856100 0.000000 0.000000 0.000000 1.000000
0.996161 0.087035 0.009360 -0.050500 -0.080308 0.951208 -0.297916 12.654000 -0.034832 0.296021 0.954546 -1.856100 0.000000 0.000000 0.000000 1.000000
0.996045 0.088081 0.011655 -0.050500 -0.080810 0.952622 -0.293227 12.654000 -0.036931 0.291125 0.955972 -1.856100 0.000000 0.000000 0.000000 1.000000
0.995914 0.088977 0.015465 -0.050500 -0.080923 0.955232 -0.284574 12.654000 -0.040093 0.282160 0.958529 -1.856100 0.000000 0.000000 0.000000 1.000000
0.995754 0.090070 0.018986 -0.050500 -0.081454 0.958260 -0.274049 12.654000 -0.042877 0.271339 0.961528 -1.856100 0.000000 0.000000 0.000000 1.000000
0.995460 0.093043 0.020057 -0.050500 -0.084531 0.961082 -0.263014 12.654000 -0.043748 0.260125 0.964583 -1.856100 0.000000 0.000000 0.000000 1.000000
0.995235 0.095199 0.021070 -0.050500 -0.086743 0.963164 -0.254540 12.654000 -0.044526 0.251499 0.966833 -1.856100 0.000000 0.000000 0.000000 1.000000
0.995214 0.094999 0.022888 -0.050500 -0.086416 0.964975 -0.247702 12.654000 -0.045618 0.244539 0.968566 -1.856100 0.000000 0.000000 0.000000 1.000000
0.995249 0.094210 0.024564 -0.050500 -0.085541 0.966632 -0.241464 12.654000 -0.046493 0.238215 0.970099 -1.856100 0.000000 0.000000 0.000000 1.000000
0.995324 0.093137 0.025599 -0.050500 -0.084516 0.968065 -0.236025 12.654000 -0.046764 0.232758 0.971410 -1.856100 0.000000 0.000000 0.000000 1.000000
0.995410 0.092028 0.026280 -0.050500 -0.083456 0.969046 -0.232349 12.654000 -0.046850 0.229089 0.972277 -1.856100 0.000000 0.000000 0.000000 1.000000</float_array><technique_common><accessor source="#mixamorig_Spine2-Matrix-animation-output-transform-array" count="49" stride="16"><param type="float4x4"/></accessor></technique_common></source><source id="mixamorig_Spine2-Interpolations"><Name_array id="mixamorig_Spine2-Interpolations-array" count="49">
 LINEAR LINEAR LINEAR LINEAR LINEAR LINEAR LINEAR LINEAR LINEAR LINEAR LINEAR
LINEAR LINEAR LINEAR LINEAR LINEAR LINEAR LINEAR LINEAR LINEAR LINEAR LINEAR LINEAR
LINEAR LINEAR LINEAR LINEAR LINEAR LINEAR LINEAR LINEAR LINEAR LINEAR LINEAR LINEAR
LINEAR LINEAR LINEAR LINEAR LINEAR LINEAR LINEAR LINEAR LINEAR LINEAR LINEAR LINEAR
LINEAR LINEAR</Name_array><technique_common><accessor source="#mixamorig_Spine2-Interpolations-array" count="49"><param type="name"/></accessor></technique_common></source><sampler id="mixamorig_Spine2-Matrix-animation-transform"><input semantic="INPUT" source="#mixamorig_Spine2-Matrix-animation-input"/><input semantic="OUTPUT" source="#mixamorig_Spine2-Matrix-animation-output-transform"/><input semantic="INTERPOLATION" source="#mixamorig_Spine2-Interpolations"/></sampler><channel source="#mixamorig_Spine2-Matrix-animation-transform" target="mixamorig_Spine2/matrix"/></animation>
    <animation id="mixamorig_Neck-anim" name="mixamorig_Neck"><source id="mixamorig_Neck-Matrix-animation-input"><float_array id="mixamorig_Neck-Matrix-animation-input-array" count="49">

0.000000 0.033333 0.066667 0.100000 0.133333 0.166667 0.200000 0.233333 0.266667 0.300000 0.333333 0.366667 0.400000 0.433333 0.466667 0.500000
0.533333 0.566667 0.600000 0.633333 0.666667 0.700000 0.733333 0.766667 0.800000 0.833333 0.866667 0.900000 0.933333 0.966667 1.000000 1.033333
1.066667 1.100000 1.133333 1.166667 1.200000 1.233333 1.266667 1.300000 1.333333 1.366667 1.400000 1.433333 1.466667 1.500000 1.533333 1.566667
1.600000</float_array><technique_common><accessor source="#mixamorig_Neck-Matrix-animation-input-array" count="49"><param name="TIME" type="float"/></accessor></technique_common></source><source id="mixamorig_Neck-Matrix-animation-output-transform"><float_array id="mixamorig_Neck-Matrix-animation-output-transform-array" count="784">

0.998932 0.008131 0.045493 -0.056900 -0.004949 0.997561 -0.069618 14.235800 -0.045948 0.069318 0.996536 -2.088100 0.000000 0.000000 0.000000 1.000000
0.998956 0.007542 0.045055 -0.056900 -0.004410 0.997593 -0.069205 14.235800 -0.045469 0.068934 0.996584 -2.088100 0.000000 0.000000 0.000000 1.000000
0.998963 0.006756 0.045023 -0.056900 -0.003620 0.997583 -0.069384 14.235800 -0.045383 0.069149 0.996574 -2.088100 0.000000 0.000000 0.000000 1.000000
