<?xml version="1.0" encoding="utf-8"?>
<COLLADA xmlns="http://www.collada.org/2005/11/COLLADASchema" version="1.4.1">
  <asset><contributor><author>Mixamo</author><authoring_tool>COLLADA Mixamo exporter</authoring_tool><comments></comments></contributor><created>2018-10-30T14:38:44Z</created><modified>2018-10-30T14:38:44Z</modified><revision></revision><title></title><unit meter="0.010000"/><up_axis>Y_UP</up_axis></asset>
  <library_animations>
    <animation id="mixamorig_Hips-anim" name="mixamorig_Hips"><source id="mixamorig_Hips-Matrix-animation-input"><float_array id="mixamorig_Hips-Matrix-animation-input-array" count="62">

0.000000 0.033333 0.066667 0.100000 0.133333 0.166667 0.200000 0.233333 0.266667 0.300000 0.333333 0.366667 0.400000 0.433333 0.466667 0.500000
0.533333 0.566667 0.600000 0.633333 0.666667 0.700000 0.733333 0.766667 0.800000 0.833333 0.866667 0.900000 0.933333 0.966667 1.000000 1.033333
1.066667 1.100000 1.133333 1.166667 1.200000 1.233333 1.266667 1.300000 1.333333 1.366667 1.400000 1.433333 1.466667 1.500000 1.533333 1.566667
1.600000 1.633333 1.666667 1.700000 1.733333 1.766667 1.800000 1.833333 1.866667 1.900000 1.933333 1.966667 2.000000 2.033333</float_array><technique_common><accessor source="#mixamorig_Hips-Matrix-animation-input-array" count="62"><param name="TIME" type="float"/></accessor></technique_common></source><source id="mixamorig_Hips-Matrix-animation-output-transform"><float_array id="mixamorig_Hips-Matrix-animation-output-transform-array" count="992">

0.780537 -0.015884 -0.624908 -0.593883 0.072291 0.995264 0.064996 88.667679 0.620916 -0.095907 0.777988 0.531283 0.000000 0.000000 0.000000 1.000000
0.778630 -0.012170 -0.627365 -1.046916 0.071465 0.995026 0.069394 88.343742 0.623400 -0.098867 0.775627 -0.248489 0.000000 0.000000 0.000000 1.000000
0.773681 -0.007937 -0.633526 -1.312281 0.069477 0.994954 0.072382 87.975487 0.629754 -0.100016 0.770329 -0.814572 0.000000 0.000000 0.000000 1.000000
0.766303 -0.004036 -0.642467 -1.369457 0.067801 0.994904 0.074621 87.545830 0.638892 -0.100742 0.762672 -1.078126 0.000000 0.000000 0.000000 1.000000
0.755431 -0.001423 -0.655226 -1.212016 0.068378 0.994709 0.076674 87.108299 0.651650 -0.102725 0.751532 -0.926429 0.000000 0.000000 0.000000 1.000000
0.738738 0.000193 -0.673993 -0.943231 0.071016 0.994411 0.078123 86.731842 0.670241 -0.105577 0.734596 -0.437049 0.000000 0.000000 0.000000 1.000000
0.717538 0.000028 -0.696519 -0.615491 0.075605 0.994088 0.077927 86.508575 0.692403 -0.108576 0.713294 0.309070 0.000000 0.000000 0.000000 1.000000
0.693642 -0.003196 -0.720313 -0.216250 0.081918 0.993853 0.074475 86.476112 0.715647 -0.110665 0.689640 1.309124 0.000000 0.000000 0.000000 1.000000
0.668375 -0.010376 -0.743752 0.269381 0.090101 0.993669 0.067106 86.625839 0.738348 -0.111865 0.665078 2.500835 0.000000 0.000000 0.000000 1.000000
0.644167 -0.019311 -0.764641 0.904210 0.096543 0.993739 0.056235 86.792793 0.758768 -0.110046 0.641998 3.977425 0.000000 0.000000 0.000000 1.000000
0.622170 -0.028511 -0.782363 1.775658 0.098128 0.994296 0.041801 86.709190 0.776708 -0.102779 0.621419 5.919816 0.000000 0.000000 0.000000 1.000000
0.608826 -0.034737 -0.792543 2.718445 0.091767 0.995418 0.026865 86.348221 0.787979 -0.089085 0.609224 8.280851 0.000000 0.000000 0.000000 1.000000
0.622815 -0.032910 -0.781677 3.481398 0.073525 0.997155 0.016600 85.694801 0.778907 -0.067811 0.623463 11.203074 0.000000 0.000000 0.000000 1.000000
0.689171 -0.030432 -0.723959 3.946491 0.054168 0.998486 0.009593 84.970398 0.722571 -0.045826 0.689776 14.802817 0.000000 0.000000 0.000000 1.000000
0.797108 -0.039272 -0.602559 4.031822 0.056152 0.998380 0.009212 84.556961 0.601221 -0.041178 0.798021 18.443964 0.000000 0.000000 0.000000 1.000000
0.894349 -0.061816 -0.443079 3.897341 0.080725 0.996449 0.023924 84.585007 0.440027 -0.057164 0.896163 21.616049 0.000000 0.000000 0.000000 1.000000
0.958880 -0.099826 -0.265677 3.834197 0.116977 0.991901 0.049494 84.900642 0.258584 -0.078537 0.962791 24.444628 0.000000 0.000000 0.000000 1.000000
0.985020 -0.145684 -0.092256 3.841403 0.152245 0.985962 0.068562 85.107460 0.080973 -0.081581 0.993372 26.762445 0.000000 0.000000 0.000000 1.000000
0.979053 -0.192995 0.064872 3.834341 0.188273 0.979443 0.072421 85.398560 -0.077515 -0.058690 0.995262 28.670815 0.000000 0.000000 0.000000 1.000000
0.955633 -0.220604 0.195189 3.698250 0.211499 0.975107 0.066589 85.742722 -0.205020 -0.022353 0.978503 30.399809 0.000000 0.000000 0.000000 1.000000
0.932960 -0.222050 0.283336 3.399822 0.213721 0.975026 0.060392 85.962479 -0.289671 0.004211 0.957117 31.752144 0.000000 0.000000 0.000000 1.000000
0.924229 -0.212547 0.317215 2.991050 0.206793 0.976995 0.052120 86.106888 -0.320996 0.017427 0.946920 32.466091 0.000000 0.000000 0.000000 1.000000
0.930641 -0.204123 0.303711 2.513047 0.199528 0.978791 0.046439 86.275787 -0.306749 0.017381 0.951632 32.490379 0.000000 0.000000 0.000000 1.000000
0.947807 -0.190653 0.255565 2.001064 0.185960 0.981632 0.042638 86.423492 -0.258999 0.007112 0.965851 32.031757 0.000000 0.000000 0.000000 1.000000
0.966596 -0.168087 0.193492 1.439099 0.163337 0.985744 0.040360 86.546761 -0.197517 -0.007407 0.980271 31.273203 0.000000 0.000000 0.000000 1.000000
0.980772 -0.145409 0.130162 0.810174 0.141243 0.989137 0.040732 86.631584 -0.134671 -0.021564 0.990656 30.256342 0.000000 0.000000 0.000000 1.000000
0.989759 -0.126946 0.065287 0.327606 0.124378 0.991345 0.042022 86.622093 -0.070057 -0.033471 0.996981 29.020741 0.000000 0.000000 0.000000 1.000000
0.994203 -0.107334 -0.006314 0.115310 0.107505 0.993323 0.041869 86.537315 0.001778 -0.042305 0.999103 27.642174 0.000000 0.000000 0.000000 1.000000
0.992641 -0.087914 -0.083281 0.060196 0.091721 0.994854 0.043040 86.382088 0.079069 -0.050362 0.995596 26.112995 0.000000 0.000000 0.000000 1.000000
0.983612 -0.071485 -0.165522 0.055276 0.079991 0.995766 0.045293 86.128914 0.161583 -0.057791 0.985166 24.477055 0.000000 0.000000 0.000000 1.000000
0.967927 -0.059122 -0.244178 0.001164 0.073132 0.996132 0.048705 85.826012 0.240354 -0.065000 0.968507 22.761940 0.000000 0.000000 0.000000 1.000000
0.947004 -0.048611 -0.317522 -0.171834 0.069908 0.995979 0.056020 85.524918 0.313522 -0.075248 0.946595 20.832846 0.000000 0.000000 0.000000 1.000000
0.922337 -0.041558 -0.384144 -0.479183 0.072236 0.995216 0.065774 85.310516 0.379573 -0.088415 0.920927 18.625837 0.000000 0.000000 0.000000 1.000000
0.895907 -0.034715 -0.442884 -0.902528 0.075704 0.994290 0.075205 85.273315 0.437744 -0.100905 0.893419 16.138235 0.000000 0.000000 0.000000 1.000000
0.873099 -0.026759 -0.486808 -1.406590 0.077379 0.993442 0.084174 85.417610 0.481363 -0.111161 0.869444 13.376011 0.000000 0.000000 0.000000 1.000000
0.857889 -0.018967 -0.513485 -1.882629 0.078781 0.992359 0.094964 85.736801 0.507760 -0.121921 0.852828 10.550595 0.000000 0.000000 0.000000 1.000000
0.852332 -0.013628 -0.522823 -2.317227 0.080366 0.991201 0.105180 86.146561 0.516789 -0.131665 0.845927 7.864255 0.000000 0.000000 0.000000 1.000000
0.848972 -0.012800 -0.528283 -2.710558 0.082803 0.990580 0.109068 86.586876 0.521911 -0.136339 0.842034 5.426464 0.000000 0.000000 0.000000 1.000000
0.845577 -0.011601 -0.533727 -2.933072 0.084608 0.990040 0.112525 87.157913 0.527106 -0.140306 0.838137 3.376114 0.000000 0.000000 0.000000 1.000000
0.844171 -0.007087 -0.536027 -2.973728 0.085611 0.988861 0.121752 87.747612 0.529194 -0.148670 0.835375 1.808274 0.000000 0.000000 0.000000 1.000000
0.839367 -0.002902 -0.543557 -2.823025 0.088058 0.987503 0.130708 88.364441 0.536385 -0.157576 0.829133 0.747637 0.000000 0.000000 0.000000 1.000000
0.827962 0.001807 -0.560781 -2.517957 0.087270 0.987397 0.132030 88.899239 0.553952 -0.158255 0.817369 0.173876 0.000000 0.000000 0.000000 1.000000
0.813339 0.004862 -0.581769 -2.160502 0.085542 0.988098 0.127850 89.330330 0.575467 -0.153751 0.803243 -0.059101 0.000000 0.000000 0.000000 1.000000
0.797810 0.005889 -0.602881 -1.838291 0.085704 0.988690 0.123073 89.777710 0.596787 -0.149859 0.788282 -0.186250 0.000000 0.000000 0.000000 1.000000
0.782986 0.007914 -0.621989 -1.536363 0.084321 0.989339 0.118736 89.995110 0.616297 -0.145415 0.773972 -0.071350 0.000000 0.000000 0.000000 1.000000
0.771030 0.012650 -0.636673 -1.229271 0.078814 0.990220 0.115121 89.930344 0.631903 -0.138941 0.762492 0.317180 0.000000 0.000000 0.000000 1.000000
0.761910 0.019810 -0.647380 -0.868730 0.070467 0.991063 0.113259 89.644676 0.643839 -0.131912 0.753705 0.994714 0.000000 0.000000 0.000000 1.000000
0.753976 0.024220 -0.656455 -0.411646 0.064033 0.991851 0.110141 89.329697 0.653773 -0.125079 0.746281 1.818269 0.000000 0.000000 0.000000 1.000000
0.749571 0.024064 -0.661486 0.155044 0.061561 0.992473 0.105864 88.973373 0.659055 -0.120074 0.742448 2.679890 0.000000 0.000000 0.000000 1.000000
0.751415 0.019066 -0.659555 0.827703 0.059982 0.993470 0.097055 88.757446 0.657098 -0.112490 0.745364 3.503888 0.000000 0.000000 0.000000 1.000000
0.753699 0.012919 -0.657092 1.462931 0.059272 0.994396 0.087537 88.704399 0.654541 -0.104924 0.748710 4.234653 0.000000 0.000000 0.000000 1.000000
0.749064 0.005351 -0.662476 1.971332 0.059272 0.995416 0.075059 88.727386 0.659841 -0.095490 0.745313 4.850383 0.000000 0.000000 0.000000 1.000000
0.745119 -0.002655 -0.666926 2.442823 0.057010 0.996585 0.059728 88.834595 0.664490 -0.082526 0.742726 5.277023 0.000000 0.000000 0.000000 1.000000
0.744596 -0.005467 -0.667493 2.781969 0.051375 0.997470 0.049140 89.046310 0.665536 -0.070882 0.742993 5.422688 0.000000 0.000000 0.000000 1.000000
0.744976 -0.006459 -0.667059 2.880610 0.046361 0.998037 0.042113 89.261475 0.665478 -0.062299 0.743813 5.289424 0.000000 0.000000 0.000000 1.000000
0.747003 -0.009435 -0.664754 2.801002 0.046040 0.998233 0.037569 89.468025 0.663225 -0.058670 0.746117 4.938097 0.000000 0.000000 0.000000 1.000000
0.752850 -0.014230 -0.658038 2.504573 0.050863 0.998034 0.036610 89.567726 0.656224 -0.061031 0.752094 4.431189 0.000000 0.000000 0.000000 1.000000
0.760512 -0.018101 -0.649071 2.010952 0.057019 0.997612 0.038988 89.521767 0.646815 -0.066660 0.759728 3.819114 0.000000 0.000000 0.000000 1.000000
0.768208 -0.019541 -0.639902 1.355418 0.062325 0.997069 0.044374 89.418465 0.637159 -0.073971 0.767175 3.077491 0.000000 0.000000 0.000000 1.000000
0.774803 -0.019690 -0.631896 0.651406 0.067262 0.996409 0.051425 89.250229 0.628614 -0.082347 0.773345 2.256292 0.000000 0.000000 0.000000 1.000000
0.779159 -0.018596 -0.626550 -0.017796 0.071059 0.995737 0.058813 88.988327 0.622785 -0.090347 0.777159 1.386682 0.000000 0.000000 0.000000 1.000000
0.780536 -0.015884 -0.624908 -0.593887 0.072291 0.995264 0.064996 88.667702 0.620916 -0.095907 0.777988 0.531278 0.000000 0.000000 0.000000 1.000000</float_array><technique_common><accessor source="#mixamorig_Hips-Matrix-animation-output-transform-array" count="62" stride="16"><param type="float4x4"/></accessor></technique_common></source><source id="mixamorig_Hips-Interpolations"><Name_array id="mixamorig_Hips-Interpolations-array" count="62">
 LINEAR LINEAR LINEAR LINEAR LINEAR LINEAR LINEAR LINEAR LINEAR LINEAR LINEAR
LINEAR LINEAR LINEAR LINEAR LINEAR LINEAR LINEAR LINEAR LINEAR LINEAR LINEAR LINEAR
LINEAR LINEAR LINEAR LINEAR LINEAR LINEAR LINEAR LINEAR LINEAR LINEAR LINEAR LINEAR
LINEAR LINEAR LINEAR LINEAR LINEAR LINEAR LINEAR LINEAR LINEAR LINEAR LINEAR LINEAR
LINEAR LINEAR LINEAR LINEAR LINEAR LINEAR LINEAR LINEAR LINEAR LINEAR LINEAR LINEAR
LINEAR LINEAR LINEAR</Name_array><technique_common><accessor source="#mixamorig_Hips-Interpolations-array" count="62"><param type="name"/></accessor></technique_common></source><sampler id="mixamorig_Hips-Matrix-animation-transform"><input semantic="INPUT" source="#mixamorig_Hips-Matrix-animation-input"/><input semantic="OUTPUT" source="#mixamorig_Hips-Matrix-animation-output-transform"/><input semantic="INTERPOLATION" source="#mixamorig_Hips-Interpolations"/></sampler><channel source="#mixamorig_Hips-Matrix-animation-transform" target="mixamorig_Hips/matrix"/></animation>
    <animation id="mixamorig_Spine-anim" name="mixamorig_Spine"><source id="mixamorig_Spine-Matrix-animation-input"><float_array id="mixamorig_Spine-Matrix-animation-input-array" count="62">

0.000000 0.033333 0.066667 0.100000 0.133333 0.166667 0.200000 0.233333 0.266667 0.300000 0.333333 0.366667 0.400000 0.433333 0.466667 0.500000
0.533333 0.566667 0.600000 0.633333 0.666667 0.700000 0.733333 0.766667 0.800000 0.833333 0.866667 0.900000 0.933333 0.966667 1.000000 1.033333
1.066667 1.100000 1.133333 1.166667 1.200000 1.233333 1.266667 1.300000 1.333333 1.366667 1.400000 1.433333 1.466667 1.500000 1.533333 1.566667
1.600000 1.633333 1.666667 1.700000 1.733333 1.766667 1.800000 1.833333 1.866667 1.900000 1.933333 1.966667 2.000000 2.033333</float_array><technique_common><accessor source="#mixamorig_Spine-Matrix-animation-input-array" count="62"><param name="TIME" type="float"/></accessor></technique_common></source><source id="mixamorig_Spine-Matrix-animation-output-transform"><float_array id="mixamorig_Spine-Matrix-animation-output-transform-array" count="992">

0.991382 0.036641 0.125771 -0.038100 -0.015643 0.986329 -0.164041 9.490500 -0.130062 0.160660 0.978403 -1.392100 0.000000 0.000000 0.000000 1.000000
0.991674 0.028179 0.125650 -0.038100 -0.006840 0.985913 -0.167119 9.490500 -0.128589 0.164868 0.977897 -1.392100 0.000000 0.000000 0.000000 1.000000
0.991993 0.016304 0.125238 -0.038100 0.005416 0.985228 -0.171160 9.490500 -0.126178 0.170468 0.977251 -1.392100 0.000000 0.000000 0.000000 1.000000
0.992152 0.007739 0.124797 -0.038100 0.014362 0.984424 -0.175224 9.490500 -0.124209 0.175641 0.976587 -1.392100 0.000000 0.000000 0.000000 1.000000
0.992282 0.000457 0.124004 -0.038100 0.022124 0.983296 -0.180663 9.490500 -0.122015 0.182012 0.975697 -1.392100 0.000000 0.000000 0.000000 1.000000
0.992512 -0.004422 0.122066 -0.038100 0.027474 0.981818 -0.187825 9.490500 -0.119016 0.189772 0.974588 -1.392100 0.000000 0.000000 0.000000 1.000000
0.992817 -0.006620 0.119460 -0.038100 0.029856 0.980589 -0.193789 9.490500 -0.115859 0.195963 0.973743 -1.392100 0.000000 0.000000 0.000000 1.000000
0.993452 -0.005628 0.114108 -0.038100 0.028285 0.979808 -0.197929 9.490500 -0.110690 0.199860 0.973552 -1.392100 0.000000 0.000000 0.000000 1.000000
0.994915 -0.001116 0.100715 -0.038100 0.021689 0.978854 -0.203409 9.490500 -0.098359 0.204559 0.973900 -1.392100 0.000000 0.000000 0.000000 1.000000
0.996696 0.001188 0.081212 -0.038100 0.015911 0.977664 -0.209573 9.490500 -0.079647 0.210172 0.974415 -1.392100 0.000000 0.000000 0.000000 1.000000
0.998410 -0.001140 0.056358 -0.038100 0.013260 0.976491 -0.215150 9.490500 -0.054787 0.215555 0.974953 -1.392100 0.000000 0.000000 0.000000 1.000000
0.999633 -0.009989 0.025166 -0.038100 0.015271 0.975516 -0.219396 9.490500 -0.022358 0.219699 0.975311 -1.392100 0.000000 0.000000 0.000000 1.000000
0.999317 -0.036472 -0.005875 -0.038100 0.034339 0.975722 -0.216303 9.490500 0.013621 0.215953 0.976309 -1.392100 0.000000 0.000000 0.000000 1.000000
0.996821 -0.076939 -0.020703 -0.038100 0.071655 0.979298 -0.189318 9.490500 0.034841 0.187233 0.981697 -1.392100 0.000000 0.000000 0.000000 1.000000
0.994593 -0.103450 0.009135 -0.038100 0.103716 0.984924 -0.138447 9.490500 0.005325 0.138645 0.990328 -1.392100 0.000000 0.000000 0.000000 1.000000
0.990214 -0.105881 0.090909 -0.038100 0.114401 0.988951 -0.094275 9.490500 -0.079923 0.103753 0.991387 -1.392100 0.000000 0.000000 0.000000 1.000000
0.974207 -0.099451 0.202561 -0.038100 0.113472 0.991800 -0.058795 9.490500 -0.195052 0.080263 0.977503 -1.392100 0.000000 0.000000 0.000000 1.000000
0.939419 -0.086580 0.331656 -0.038100 0.100973 0.994539 -0.026380 9.490500 -0.327561 0.058270 0.943031 -1.392100 0.000000 0.000000 0.000000 1.000000
0.893245 -0.064977 0.444850 -0.038100 0.072746 0.997350 -0.000393 9.490500 -0.443646 0.032712 0.895605 -1.392100 0.000000 0.000000 0.000000 1.000000
0.859352 -0.046167 0.509296 -0.038100 0.042618 0.998918 0.018640 9.490500 -0.509606 0.005687 0.860389 -1.392100 0.000000 0.000000 0.000000 1.000000
0.850488 -0.033773 0.524910 -0.038100 0.023860 0.999386 0.025642 9.490500 -0.525454 -0.009283 0.850772 -1.392100 0.000000 0.000000 0.000000 1.000000
0.857799 -0.019662 0.513609 -0.038100 0.011378 0.999750 0.019269 9.490500 -0.513860 -0.010686 0.857808 -1.392100 0.000000 0.000000 0.000000 1.000000
0.867335 -0.000368 0.497725 -0.038100 0.003241 0.999983 -0.004910 9.490500 -0.497715 0.005872 0.867321 -1.392100 0.000000 0.000000 0.000000 1.000000
0.880508 0.014127 0.473821 -0.038100 0.003071 0.999365 -0.035501 9.490500 -0.474022 0.032714 0.879905 -1.392100 0.000000 0.000000 0.000000 1.000000
0.900619 0.021557 0.434075 -0.038100 0.007352 0.997871 -0.064810 9.490500 -0.434547 0.061561 0.898543 -1.392100 0.000000 0.000000 0.000000 1.000000
0.923695 0.030815 0.381888 -0.038100 0.006479 0.995361 -0.095988 9.490500 -0.383074 0.091138 0.919211 -1.392100 0.000000 0.000000 0.000000 1.000000
0.942649 0.040727 0.331292 -0.038100 0.000008 0.992525 -0.122039 9.490500 -0.333786 0.115043 0.935603 -1.392100 0.000000 0.000000 0.000000 1.000000
0.954118 0.043986 0.296182 -0.038100 -0.003187 0.990588 -0.136843 9.490500 -0.299414 0.129620 0.945278 -1.392100 0.000000 0.000000 0.000000 1.000000
0.961742 0.042905 0.270578 -0.038100 -0.002858 0.989178 -0.146693 9.490500 -0.273943 0.140307 0.951456 -1.392100 0.000000 0.000000 0.000000 1.000000
0.966030 0.040483 0.255238 -0.038100 -0.001653 0.988602 -0.150546 9.490500 -0.258423 0.145010 0.955086 -1.392100 0.000000 0.000000 0.000000 1.000000
0.968455 0.039467 0.246041 -0.038100 -0.002296 0.988749 -0.149568 9.490500 -0.249176 0.144285 0.957650 -1.392100 0.000000 0.000000 0.000000 1.000000
0.969620 0.038377 0.241587 -0.038100 -0.002304 0.989006 -0.147859 9.490500 -0.244605 0.142811 0.959048 -1.392100 0.000000 0.000000 0.000000 1.000000
0.970320 0.038550 0.238733 -0.038100 -0.002515 0.988768 -0.149440 9.490500 -0.241812 0.144405 0.959518 -1.392100 0.000000 0.000000 0.000000 1.000000
0.970141 0.035524 0.239927 -0.038100 0.001013 0.988614 -0.150473 9.490500 -0.242540 0.146223 0.959059 -1.392100 0.000000 0.000000 0.000000 1.000000
0.971090 0.026326 0.237257 -0.038100 0.010221 0.988403 -0.151507 9.490500 -0.238494 0.149552 0.959560 -1.392100 0.000000 0.000000 0.000000 1.000000
0.973723 0.013336 0.227346 -0.038100 0.023035 0.987397 -0.156579 9.490500 -0.226569 0.157702 0.961143 -1.392100 0.000000 0.000000 0.000000 1.000000
0.977021 -0.001537 0.213138 -0.038100 0.036584 0.986344 -0.160587 9.490500 -0.209980 0.164694 0.963734 -1.392100 0.000000 0.000000 0.000000 1.000000
0.980134 -0.008146 0.198168 -0.038100 0.040401 0.986407 -0.159278 9.490500 -0.194177 0.164121 0.967140 -1.392100 0.000000 0.000000 0.000000 1.000000
0.983244 -0.014570 0.181713 -0.038100 0.043993 0.986304 -0.158962 9.490500 -0.176908 0.164293 0.970418 -1.392100 0.000000 0.000000 0.000000 1.000000
0.986024 -0.019529 0.165454 -0.038100 0.047433 0.984912 -0.166426 9.490500 -0.159707 0.171948 0.972074 -1.392100 0.000000 0.000000 0.000000 1.000000
0.986994 -0.021596 0.159297 -0.038100 0.049540 0.983569 -0.173602 9.490500 -0.152931 0.179236 0.971847 -1.392100 0.000000 0.000000 0.000000 1.000000
0.987148 -0.024188 0.157967 -0.038100 0.051907 0.983413 -0.173794 9.490500 -0.151143 0.179760 0.972030 -1.392100 0.000000 0.000000 0.000000 1.000000
0.987245 -0.026170 0.157041 -0.038100 0.052964 0.984202 -0.168943 9.490500 -0.150139 0.175105 0.973035 -1.392100 0.000000 0.000000 0.000000 1.000000
0.987532 -0.022709 0.155770 -0.038100 0.048759 0.985000 -0.165520 9.490500 -0.149675 0.171051 0.973827 -1.392100 0.000000 0.000000 0.000000 1.000000
0.988015 -0.017138 0.153402 -0.038100 0.042358 0.985769 -0.162682 9.490500 -0.148431 0.167230 0.974681 -1.392100 0.000000 0.000000 0.000000 1.000000
0.988672 -0.014792 0.149360 -0.038100 0.038887 0.986396 -0.159723 9.490500 -0.144966 0.163722 0.975797 -1.392100 0.000000 0.000000 0.000000 1.000000
0.989390 -0.014134 0.144592 -0.038100 0.037224 0.986696 -0.158259 9.490500 -0.140432 0.161962 0.976753 -1.392100 0.000000 0.000000 0.000000 1.000000
0.990041 -0.010951 0.140356 -0.038100 0.033317 0.986875 -0.158009 9.490500 -0.136783 0.161111 0.977412 -1.392100 0.000000 0.000000 0.000000 1.000000
0.990724 -0.003632 0.135843 -0.038100 0.025614 0.986715 -0.160427 9.490500 -0.133455 0.162418 0.977655 -1.392100 0.000000 0.000000 0.000000 1.000000
0.990976 0.004429 0.133967 -0.038100 0.017600 0.986500 -0.162810 9.490500 -0.132879 0.163699 0.977520 -1.392100 0.000000 0.000000 0.000000 1.000000
0.990644 0.013238 0.135829 -0.038100 0.009603 0.986055 -0.166143 9.490500 -0.136135 0.165893 0.976702 -1.392100 0.000000 0.000000 0.000000 1.000000
0.989495 0.023868 0.142586 -0.038100 -0.000119 0.986411 -0.164297 9.490500 -0.144569 0.162554 0.976051 -1.392100 0.000000 0.000000 0.000000 1.000000
0.989356 0.031477 0.142067 -0.038100 -0.008432 0.987084 -0.159984 9.490500 -0.145268 0.157083 0.976843 -1.392100 0.000000 0.000000 0.000000 1.000000
0.988750 0.034176 0.145621 -0.038100 -0.010647 0.987159 -0.159387 9.490500 -0.149198 0.156043 0.976417 -1.392100 0.000000 0.000000 0.000000 1.000000
0.988277 0.035000 0.148604 -0.038100 -0.010871 0.987029 -0.160173 9.490500 -0.152283 0.156680 0.975839 -1.392100 0.000000 0.000000 0.000000 1.000000
0.988285 0.037630 0.147909 -0.038100 -0.013382 0.986761 -0.161627 9.490500 -0.152033 0.157754 0.975705 -1.392100 0.000000 0.000000 0.000000 1.000000
0.988910 0.041831 0.142506 -0.038100 -0.018333 0.986560 -0.162369 9.490500 -0.147383 0.157956 0.976385 -1.392100 0.000000 0.000000 0.000000 1.000000
0.989743 0.044624 0.135711 -0.038100 -0.022299 0.986575 -0.161781 9.490500 -0.141108 0.157095 0.977451 -1.392100 0.000000 0.000000 0.000000 1.000000
0.990997 0.043233 0.126711 -0.038100 -0.022485 0.986728 -0.160817 9.490500 -0.131982 0.156520 0.978817 -1.392100 0.000000 0.000000 0.000000 1.000000
0.991259 0.042290 0.124966 -0.038100 -0.021838 0.986761 -0.160702 9.490500 -0.130108 0.156568 0.979060 -1.392100 0.000000 0.000000 0.000000 1.000000
0.991232 0.041546 0.125431 -0.038100 -0.020874 0.986598 -0.161827 9.490500 -0.130473 0.157790 0.978815 -1.392100 0.000000 0.000000 0.000000 1.000000
0.991382 0.036641 0.125771 -0.038100 -0.015643 0.986329 -0.164041 9.490500 -0.130062 0.160660 0.978403 -1.392100 0.000000 0.000000 0.000000 1.000000</float_array><technique_common><accessor source="#mixamorig_Spine-Matrix-animation-output-transform-array" count="62" stride="16"><param type="float4x4"/></accessor></technique_common></source><source id="mixamorig_Spine-Interpolations"><Name_array id="mixamorig_Spine-Interpolations-array" count="62">
 LINEAR LINEAR LINEAR LINEAR LINEAR LINEAR LINEAR LINEAR LINEAR LINEAR LINEAR
LINEAR LINEAR LINEAR LINEAR LINEAR LINEAR LINEAR LINEAR LINEAR LINEAR LINEAR LINEAR
LINEAR LINEAR LINEAR LINEAR LINEAR LINEAR LINEAR LINEAR LINEAR LINEAR LINEAR LINEAR
LINEAR LINEAR LINEAR LINEAR LINEAR LINEAR LINEAR LINEAR LINEAR LINEAR LINEAR LINEAR
LINEAR LINEAR LINEAR LINEAR LINEAR LINEAR LINEAR LINEAR LINEAR LINEAR LINEAR LINEAR
LINEAR LINEAR LINEAR</Name_array><technique_common><accessor source="#mixamorig_Spine-Interpolations-array" count="62"><param type="name"/></accessor></technique_common></source><sampler id="mixamorig_Spine-Matrix-animation-transform"><input semantic="INPUT" source="#mixamorig_Spine-Matrix-animation-input"/><input semantic="OUTPUT" source="#mixamorig_Spine-Matrix-animation-output-transform"/><input semantic="INTERPOLATION" source="#mixamorig_Spine-Interpolations"/></sampler><channel source="#mixamorig_Spine-Matrix-animation-transform" target="mixamorig_Spine/matrix"/></animation>
    <animation id="mixamorig_Spine1-anim" name="mixamorig_Spine1"><source id="mixamorig_Spine1-Matrix-animation-input"><float_array id="mixamorig_Spine1-Matrix-animation-input-array" count="62">

0.000000 0.033333 0.066667 0.100000 0.133333 0.166667 0.200000 0.233333 0.266667 0.300000 0.333333 0.366667 0.400000 0.433333 0.466667 0.500000
0.533333 0.566667 0.600000 0.633333 0.666667 0.700000 0.733333 0.766667 0.800000 0.833333 0.866667 0.900000 0.933333 0.966667 1.000000 1.033333
1.066667 1.100000 1.133333 1.166667 1.200000 1.233333 1.266667 1.300000 1.333333 1.366667 1.400000 1.433333 1.466667 1.500000 1.533333 1.566667
1.600000 1.633333 1.666667 1.700000 1.733333 1.766667 1.800000 1.833333 1.866667 1.900000 1.933333 1.966667 2.000000 2.033333</float_array><technique_common><accessor source="#mixamorig_Spine1-Matrix-animation-input-array" count="62"><param name="TIME" type="float"/></accessor></technique_common></source><source id="mixamorig_Spine1-Matrix-animation-output-transform"><float_array id="mixamorig_Spine1-Matrix-animation-output-transform-array" count="992">

0.999723 0.015978 0.017276 -0.044200 -0.015309 0.999154 -0.038168 11.072300 -0.017871 0.037893 0.999122 -1.624100 0.000000 0.000000 0.000000 1.000000
0.999752 0.014198 0.017175 -0.044200 -0.013520 0.999151 -0.038916 11.072300 -0.017712 0.038674 0.999095 -1.624100 0.000000 0.000000 0.000000 1.000000
0.999788 0.011789 0.016879 -0.044200 -0.011107 0.999142 -0.039910 11.072300 -0.017335 0.039714 0.999061 -1.624100 0.000000 0.000000 0.000000 1.000000
0.999809 0.010319 0.016581 -0.044200 -0.009635 0.999121 -0.040797 11.072300 -0.016988 0.040630 0.999030 -1.624100 0.000000 0.000000 0.000000 1.000000
0.999827 0.009240 0.016154 -0.044200 -0.008557 0.999086 -0.041892 11.072300 -0.016527 0.041746 0.998992 -1.624100 0.000000 0.000000 0.000000 1.000000
0.999844 0.008569 0.015437 -0.044200 -0.007893 0.999030 -0.043311 11.072300 -0.015793 0.043182 0.998942 -1.624100 0.000000 0.000000 0.000000 1.000000
0.999859 0.008171 0.014676 -0.044200 -0.007508 0.998975 -0.044633 11.072300 -0.015026 0.044516 0.998896 -1.624100 0.000000 0.000000 0.000000 1.000000
0.999876 0.008280 0.013401 -0.044200 -0.007659 0.998922 -0.045790 11.072300 -0.013766 0.045682 0.998861 -1.624100 0.000000 0.000000 0.000000 1.000000
0.999908 0.009048 0.010112 -0.044200 -0.008560 0.998843 -0.047318 11.072300 -0.010529 0.047228 0.998829 -1.624100 0.000000 0.000000 0.000000 1.000000
0.999943 0.009336 0.005156 -0.044200 -0.009073 0.998760 -0.048954 11.072300 -0.005606 0.048904 0.998788 -1.624100 0.000000 0.000000 0.000000 1.000000
0.999961 0.008785 -0.001321 -0.044200 -0.008841 0.998697 -0.050260 11.072300 0.000878 0.050269 0.998735 -1.624100 0.000000 0.000000 0.000000 1.000000
0.999930 0.006972 -0.009587 -0.044200 -0.007453 0.998665 -0.051110 11.072300 0.009218 0.051178 0.998647 -1.624100 0.000000 0.000000 0.000000 1.000000
0.999833 0.001539 -0.018198 -0.044200 -0.002450 0.998737 -0.050178 11.072300 0.018097 0.050214 0.998575 -1.624100 0.000000 0.000000 0.000000 1.000000
0.999720 -0.007006 -0.022595 -0.044200 0.006009 0.999017 -0.043919 11.072300 0.022881 0.043771 0.998780 -1.624100 0.000000 0.000000 0.000000 1.000000
0.999796 -0.013430 -0.015116 -0.044200 0.012926 0.999375 -0.032913 11.072300 0.015549 0.032711 0.999344 -1.624100 0.000000 0.000000 0.000000 1.000000
0.999871 -0.015011 0.005636 -0.044200 0.015143 0.999593 -0.024176 11.072300 -0.005271 0.024258 0.999692 -1.624100 0.000000 0.000000 0.000000 1.000000
0.999308 -0.014273 0.034351 -0.044200 0.014858 0.999748 -0.016838 11.072300 -0.034102 0.017337 0.999268 -1.624100 0.000000 0.000000 0.000000 1.000000
0.997603 -0.012236 0.068110 -0.044200 0.012876 0.999877 -0.008956 11.072300 -0.067992 0.009812 0.997638 -1.624100 0.000000 0.000000 0.000000 1.000000
0.995058 -0.007595 0.099000 -0.044200 0.007837 0.999967 -0.002057 11.072300 -0.098981 0.002823 0.995085 -1.624100 0.000000 0.000000 0.000000 1.000000
0.993056 -0.002398 0.117616 -0.044200 0.002058 0.999993 0.003012 11.072300 -0.117623 -0.002749 0.993055 -1.624100 0.000000 0.000000 0.000000 1.000000
0.992496 0.001047 0.122275 -0.044200 -0.001650 0.999987 0.004830 11.072300 -0.122269 -0.004996 0.992484 -1.624100 0.000000 0.000000 0.000000 1.000000
0.992884 0.004402 0.119007 -0.044200 -0.004845 0.999982 0.003434 11.072300 -0.118989 -0.003986 0.992888 -1.624100 0.000000 0.000000 0.000000 1.000000
0.993429 0.007783 0.114186 -0.044200 -0.007636 0.999969 -0.001721 11.072300 -0.114196 0.000838 0.993458 -1.624100 0.000000 0.000000 0.000000 1.000000
0.994204 0.009357 0.107101 -0.044200 -0.008496 0.999928 -0.008491 11.072300 -0.107173 0.007532 0.994212 -1.624100 0.000000 0.000000 0.000000 1.000000
0.995343 0.009892 0.095891 -0.044200 -0.008446 0.999845 -0.015475 11.072300 -0.096029 0.014593 0.995272 -1.624100 0.000000 0.000000 0.000000 1.000000
0.996587 0.011506 0.081747 -0.044200 -0.009650 0.999688 -0.023057 11.072300 -0.081986 0.022190 0.996386 -1.624100 0.000000 0.000000 0.000000 1.000000
0.997567 0.013600 0.068376 -0.044200 -0.011635 0.999510 -0.029046 11.072300 -0.068738 0.028179 0.997237 -1.624100 0.000000 0.000000 0.000000 1.000000
0.998132 0.014648 0.059319 -0.044200 -0.012747 0.999397 -0.032294 11.072300 -0.059756 0.031477 0.997717 -1.624100 0.000000 0.000000 0.000000 1.000000
0.998490 0.014919 0.052861 -0.044200 -0.013115 0.999325 -0.034314 11.072300 -0.053337 0.033569 0.998012 -1.624100 0.000000 0.000000 0.000000 1.000000
0.998688 0.014838 0.049016 -0.044200 -0.013126 0.999298 -0.035085 11.072300 -0.049502 0.034396 0.998182 -1.624100 0.000000 0.000000 0.000000 1.000000
0.998791 0.015082 0.046789 -0.044200 -0.013461 0.999305 -0.034756 11.072300 -0.047281 0.034084 0.998300 -1.624100 0.000000 0.000000 0.000000 1.000000
0.998839 0.015215 0.045710 -0.044200 -0.013654 0.999319 -0.034275 11.072300 -0.046201 0.033611 0.998367 -1.624100 0.000000 0.000000 0.000000 1.000000
0.998870 0.015459 0.044951 -0.044200 -0.013905 0.999302 -0.034661 11.072300 -0.045455 0.033997 0.998388 -1.624100 0.000000 0.000000 0.000000 1.000000
0.998865 0.014900 0.045241 -0.044200 -0.013326 0.999302 -0.034896 11.072300 -0.045729 0.034254 0.998366 -1.624100 0.000000 0.000000 0.000000 1.000000
0.998920 0.013062 0.044582 -0.044200 -0.011498 0.999316 -0.035148 11.072300 -0.045011 0.034598 0.998387 -1.624100 0.000000 0.000000 0.000000 1.000000
0.999061 0.010451 0.042035 -0.044200 -0.008923 0.999299 -0.036359 11.072300 -0.042386 0.035950 0.998454 -1.624100 0.000000 0.000000 0.000000 1.000000
0.999242 0.007336 0.038221 -0.044200 -0.005906 0.999282 -0.037419 11.072300 -0.038468 0.037164 0.998568 -1.624100 0.000000 0.000000 0.000000 1.000000
0.999389 0.006182 0.034405 -0.044200 -0.004902 0.999297 -0.037176 11.072300 -0.034611 0.036985 0.998716 -1.624100 0.000000 0.000000 0.000000 1.000000
0.999530 0.004879 0.030280 -0.044200 -0.003749 0.999298 -0.037262 11.072300 -0.030441 0.037131 0.998847 -1.624100 0.000000 0.000000 0.000000 1.000000
0.999650 0.003830 0.026169 -0.044200 -0.002807 0.999235 -0.039009 11.072300 -0.026298 0.038921 0.998896 -1.624100 0.000000 0.000000 0.000000 1.000000
0.999691 0.003520 0.024595 -0.044200 -0.002518 0.999172 -0.040619 11.072300 -0.024718 0.040545 0.998872 -1.624100 0.000000 0.000000 0.000000 1.000000
0.999699 0.003472 0.024286 -0.044200 -0.002484 0.999173 -0.040585 11.072300 -0.024406 0.040512 0.998881 -1.624100 0.000000 0.000000 0.000000 1.000000
0.999703 0.003514 0.024116 -0.044200 -0.002560 0.999217 -0.039480 11.072300 -0.024236 0.039406 0.998929 -1.624100 0.000000 0.000000 0.000000 1.000000
0.999703 0.004293 0.023981 -0.044200 -0.003357 0.999235 -0.038957 11.072300 -0.024130 0.038865 0.998953 -1.624100 0.000000 0.000000 0.000000 1.000000
0.999709 0.005309 0.023544 -0.044200 -0.004400 0.999249 -0.038493 11.072300 -0.023731 0.038378 0.998981 -1.624100 0.000000 0.000000 0.000000 1.000000
0.999729 0.005586 0.022618 -0.044200 -0.004724 0.999267 -0.037987 11.072300 -0.022813 0.037870 0.999022 -1.624100 0.000000 0.000000 0.000000 1.000000
0.999753 0.005548 0.021511 -0.044200 -0.004732 0.999274 -0.037814 11.072300 -0.021705 0.037703 0.999053 -1.624100 0.000000 0.000000 0.000000 1.000000
0.999772 0.006011 0.020488 -0.044200 -0.005233 0.999270 -0.037837 11.072300 -0.020701 0.037722 0.999074 -1.624100 0.000000 0.000000 0.000000 1.000000
0.999786 0.007460 0.019312 -0.044200 -0.006716 0.999243 -0.038329 11.072300 -0.019583 0.038191 0.999079 -1.624100 0.000000 0.000000 0.000000 1.000000
0.999782 0.009190 0.018769 -0.044200 -0.008456 0.999210 -0.038822 11.072300 -0.019111 0.038655 0.999070 -1.624100 0.000000 0.000000 0.000000 1.000000
0.999755 0.010966 0.019211 -0.044200 -0.010199 0.999165 -0.039576 11.072300 -0.019629 0.039370 0.999032 -1.624100 0.000000 0.000000 0.000000 1.000000
0.999694 0.013102 0.020991 -0.044200 -0.012274 0.999160 -0.039108 11.072300 -0.021486 0.038838 0.999014 -1.624100 0.000000 0.000000 0.000000 1.000000
0.999671 0.014759 0.020977 -0.044200 -0.013955 0.999181 -0.037980 11.072300 -0.021521 0.037675 0.999058 -1.624100 0.000000 0.000000 0.000000 1.000000
0.999643 0.015224 0.021942 -0.044200 -0.014388 0.999184 -0.037744 11.072300 -0.022498 0.037415 0.999047 -1.624100 0.000000 0.000000 0.000000 1.000000
0.999627 0.015175 0.022710 -0.044200 -0.014307 0.999179 -0.037899 11.072300 -0.023266 0.037560 0.999023 -1.624100 0.000000 0.000000 0.000000 1.000000
0.999625 0.015508 0.022585 -0.044200 -0.014640 0.999165 -0.038133 11.072300 -0.023157 0.037788 0.999017 -1.624100 0.000000 0.000000 0.000000 1.000000
0.999640 0.016283 0.021303 -0.044200 -0.015463 0.999153 -0.038141 11.072300 -0.021906 0.037797 0.999045 -1.624100 0.000000 0.000000 0.000000 1.000000
0.999662 0.016988 0.019656 -0.044200 -0.016234 0.999151 -0.037870 11.072300 -0.020282 0.037538 0.999089 -1.624100 0.000000 0.000000 0.000000 1.000000
0.999706 0.016893 0.017395 -0.044200 -0.016232 0.999167 -0.037452 11.072300 -0.018013 0.037158 0.999147 -1.624100 0.000000 0.000000 0.000000 1.000000
0.999712 0.016937 0.017030 -0.044200 -0.016290 0.999167 -0.037405 11.072300 -0.017649 0.037117 0.999155 -1.624100 0.000000 0.000000 0.000000 1.000000
0.999708 0.016956 0.017197 -0.044200 -0.016299 0.999158 -0.037658 11.072300 -0.017821 0.037367 0.999143 -1.624100 0.000000 0.000000 0.000000 1.000000
0.999723 0.015978 0.017276 -0.044200 -0.015309 0.999154 -0.038168 11.072300 -0.017871 0.037893 0.999122 -1.624100 0.000000 0.000000 0.000000 1.000000</float_array><technique_common><accessor source="#mixamorig_Spine1-Matrix-animation-output-transform-array" count="62" stride="16"><param type="float4x4"/></accessor></technique_common></source><source id="mixamorig_Spine1-Interpolations"><Name_array id="mixamorig_Spine1-Interpolations-array" count="62">
 LINEAR LINEAR LINEAR LINEAR LINEAR LINEAR LINEAR LINEAR LINEAR LINEAR LINEAR
LINEAR LINEAR LINEAR LINEAR LINEAR LINEAR LINEAR LINEAR LINEAR LINEAR LINEAR LINEAR
LINEAR LINEAR LINEAR LINEAR LINEAR LINEAR LINEAR LINEAR LINEAR LINEAR LINEAR LINEAR
LINEAR LINEAR LINEAR LINEAR LINEAR LINEAR LINEAR LINEAR LINEAR LINEAR LINEAR LINEAR
LINEAR LINEAR LINEAR LINEAR LINEAR LINEAR LINEAR LINEAR LINEAR LINEAR LINEAR LINEAR
LINEAR LINEAR LINEAR</Name_array><technique_common><accessor source="#mixamorig_Spine1-Interpolations-array" count="62"><param type="name"/></accessor></technique_common></source><sampler id="mixamorig_Spine1-Matrix-animation-transform"><input semantic="INPUT" source="#mixamorig_Spine1-Matrix-animation-input"/><input semantic="OUTPUT" source="#mixamorig_Spine1-Matrix-animation-output-transform"/><input semantic="INTERPOLATION" source="#mixamorig_Spine1-Interpolations"/></sampler><channel source="#mixamorig_Spine1-Matrix-animation-transform" target="mixamorig_Spine1/matrix"/></animation>
    <animation id="mixamorig_Spine2-anim" name="mixamorig_Spine2"><source id="mixamorig_Spine2-Matrix-animation-input"><float_array id="mixamorig_Spine2-Matrix-animation-input-array" count="62">

0.000000 0.033333 0.066667 0.100000 0.133333 0.166667 0.200000 0.233333 0.266667 0.300000 0.333333 0.366667 0.400000 0.433333 0.466667 0.500000
0.533333 0.566667 0.600000 0.633333 0.666667 0.700000 0.733333 0.766667 0.800000 0.833333 0.866667 0.900000 0.933333 0.966667 1.000000 1.033333
1.066667 1.100000 1.133333 1.166667 1.200000 1.233333 1.266667 1.300000 1.333333 1.366667 1.400000 1.433333 1.466667 1.500000 1.533333 1.566667
1.600000 1.633333 1.666667 1.700000 1.733333 1.766667 1.800000 1.833333 1.866667 1.900000 1.933333 1.966667 2.000000 2.033333</float_array><technique_common><accessor source="#mixamorig_Spine2-Matrix-animation-input-array" count="62"><param name="TIME" type="float"/></accessor></technique_common></source><source id="mixamorig_Spine2-Matrix-animation-output-transform"><float_array id="mixamorig_Spine2-Matrix-animation-output-transform-array" count="992">

0.999731 0.015603 0.017152 -0.050500 -0.014935 0.999150 -0.038431 12.654000 -0.017737 0.038165 0.999114 -1.856100 0.000000 0.000000 0.000000 1.000000
0.999758 0.013837 0.017105 -0.050500 -0.013158 0.999146 -0.039162 12.654000 -0.017633 0.038927 0.999086 -1.856100 0.000000 0.000000 0.000000 1.000000
0.999792 0.011434 0.016864 -0.050500 -0.010749 0.999136 -0.040152 12.654000 -0.017309 0.039962 0.999051 -1.856100 0.000000 0.000000 0.000000 1.000000
0.999812 0.009977 0.016627 -0.050500 -0.009288 0.999115 -0.041029 12.654000 -0.017022 0.040867 0.999020 -1.856100 0.000000 0.000000 0.000000 1.000000
0.999828 0.008915 0.016273 -0.050500 -0.008223 0.999079 -0.042108 12.654000 -0.016633 0.041967 0.998981 -1.856100 0.000000 0.000000 0.000000 1.000000
0.999844 0.008242 0.015611 -0.050500 -0.007555 0.999024 -0.043517 12.654000 -0.015955 0.043392 0.998931 -1.856100 0.000000 0.000000 0.000000 1.000000
0.999859 0.007829 0.014866 -0.050500 -0.007155 0.998968 -0.044842 12.654000 -0.015202 0.044729 0.998883 -1.856100 0.000000 0.000000 0.000000 1.000000
0.999877 0.007910 0.013560 -0.050500 -0.007278 0.998914 -0.046019 12.654000 -0.013909 0.045915 0.998849 -1.856100 0.000000 0.000000 0.000000 1.000000
0.999911 0.008614 0.010174 -0.050500 -0.008120 0.998834 -0.047587 12.654000 -0.010572 0.047500 0.998815 -1.856100 0.000000 0.000000 0.000000 1.000000
0.999948 0.008816 0.005100 -0.050500 -0.008554 0.998750 -0.049253 12.654000 -0.005528 0.049207 0.998773 -1.856100 0.000000 0.000000 0.000000 1.000000
0.999966 0.008159 -0.001485 -0.050500 -0.008224 0.998687 -0.050556 12.654000 0.001071 0.050566 0.998720 -1.856100 0.000000 0.000000 0.000000 1.000000
0.999932 0.006213 -0.009848 -0.050500 -0.006711 0.998658 -0.051356 12.654000 0.009516 0.051419 0.998632 -1.856100 0.000000 0.000000 0.000000 1.000000
0.999829 0.000655 -0.018504 -0.050500 -0.001586 0.998732 -0.050326 12.654000 0.018447 0.050347 0.998561 -1.856100 0.000000 0.000000 0.000000 1.000000
0.999706 -0.007897 -0.022904 -0.050500 0.006884 0.999009 -0.043977 12.654000 0.023228 0.043806 0.998770 -1.856100 0.000000 0.000000 0.000000 1.000000
0.999780 -0.014175 -0.015486 -0.050500 0.013657 0.999361 -0.033025 12.654000 0.015944 0.032806 0.999335 -1.856100 0.000000 0.000000 0.000000 1.000000
0.999865 -0.015608 0.005155 -0.050500 0.015730 0.999574 -0.024568 12.654000 -0.004769 0.024646 0.999685 -1.856100 0.000000 0.000000 0.000000 1.000000
0.999318 -0.014920 0.033787 -0.050500 0.015516 0.999728 -0.017433 12.654000 -0.033517 0.017946 0.999277 -1.856100 0.000000 0.000000 0.000000 1.000000
0.997637 -0.013188 0.067427 -0.050500 0.013845 0.999861 -0.009278 12.654000 -0.067295 0.010190 0.997681 -1.856100 0.000000 0.000000 0.000000 1.000000
0.995120 -0.008789 0.098281 -0.050500 0.009019 0.999958 -0.001886 12.654000 -0.098261 0.002764 0.995157 -1.856100 0.000000 0.000000 0.000000 1.000000
0.993132 -0.003593 0.116941 -0.050500 0.003213 0.999989 0.003445 12.654000 -0.116952 -0.003046 0.993133 -1.856100 0.000000 0.000000 0.000000 1.000000
0.992576 -0.000119 0.121623 -0.050500 -0.000523 0.999986 0.005247 12.654000 -0.121622 -0.005272 0.992563 -1.856100 0.000000 0.000000 0.000000 1.000000
0.992957 0.003411 0.118423 -0.050500 -0.003884 0.999985 0.003765 12.654000 -0.118408 -0.004198 0.992956 -1.856100 0.000000 0.000000 0.000000 1.000000
0.993494 0.006941 0.113673 -0.050500 -0.006831 0.999976 -0.001359 12.654000 -0.113680 0.000573 0.993517 -1.856100 0.000000 0.000000 0.000000 1.000000
