<?xml version="1.0" encoding="utf-8"?>
<COLLADA xmlns="http://www.collada.org/2005/11/COLLADASchema" version="1.4.1">
  <asset><contributor><author>Mixamo</author><authoring_tool>COLLADA Mixamo exporter</authoring_tool><comments></comments></contributor><created>2018-10-29T15:15:22Z</created><modified>2018-10-29T15:15:22Z</modified><revision></revision><title></title><unit meter="0.010000"/><up_axis>Y_UP</up_axis></asset>
  <library_animations>
    <animation id="mixamorig_Hips-anim" name="mixamorig_Hips"><source id="mixamorig_Hips-Matrix-animation-input"><float_array id="mixamorig_Hips-Matrix-animation-input-array" count="73">

0.000000 0.033333 0.066667 0.100000 0.133333 0.166667 0.200000 0.233333 0.266667 0.300000 0.333333 0.366667 0.400000 0.433333 0.466667 0.500000
0.533333 0.566667 0.600000 0.633333 0.666667 0.700000 0.733333 0.766667 0.800000 0.833333 0.866667 0.900000 0.933333 0.966667 1.000000 1.033333
1.066667 1.100000 1.133333 1.166667 1.200000 1.233333 1.266667 1.300000 1.333333 1.366667 1.400000 1.433333 1.466667 1.500000 1.533333 1.566667
1.600000 1.633333 1.666667 1.700000 1.733333 1.766667 1.800000 1.833333 1.866667 1.900000 1.933333 1.966667 2.000000 2.033333 2.066667 2.100000
2.133333 2.166667 2.200000 2.233333 2.266667 2.300000 2.333333 2.366667 2.400000</float_array><technique_common><accessor source="#mixamorig_Hips-Matrix-animation-input-array" count="73"><param name="TIME" type="float"/></accessor></technique_common></source><source id="mixamorig_Hips-Matrix-animation-output-transform"><float_array id="mixamorig_Hips-Matrix-animation-output-transform-array" count="1168">

0.960215 -0.095831 -0.262303 0.037973 0.126933 0.986414 0.104282 156.850922 0.248746 -0.133428 0.959334 -1.076707 0.000000 0.000000 0.000000 1.000000
0.960741 -0.092503 -0.261572 0.053806 0.123138 0.987006 0.103233 156.969727 0.248623 -0.131390 0.959647 -1.112745 0.000000 0.000000 0.000000 1.000000
0.961264 -0.090067 -0.260497 0.076208 0.119554 0.987816 0.099633 157.114182 0.248349 -0.126917 0.960320 -1.129088 0.000000 0.000000 0.000000 1.000000
0.960768 -0.089322 -0.262575 0.115502 0.118310 0.988256 0.096714 157.274078 0.250852 -0.123985 0.960053 -1.180402 0.000000 0.000000 0.000000 1.000000
0.960119 -0.088717 -0.265144 0.168553 0.117466 0.988562 0.094585 157.444153 0.253720 -0.121958 0.959558 -1.194392 0.000000 0.000000 0.000000 1.000000
0.959881 -0.087297 -0.266475 0.223947 0.115284 0.989134 0.091232 157.579056 0.255615 -0.118292 0.959514 -1.187848 0.000000 0.000000 0.000000 1.000000
0.959531 -0.086083 -0.268122 0.275260 0.113930 0.989397 0.090070 157.685547 0.257526 -0.116972 0.959165 -1.157720 0.000000 0.000000 0.000000 1.000000
0.959994 -0.085162 -0.266757 0.338615 0.112046 0.989868 0.087213 157.814041 0.256627 -0.113613 0.959810 -1.063950 0.000000 0.000000 0.000000 1.000000
0.960030 -0.083092 -0.267280 0.387669 0.108318 0.990808 0.081039 157.968781 0.258089 -0.106751 0.960205 -0.935085 0.000000 0.000000 0.000000 1.000000
0.959924 -0.085235 -0.266984 0.521135 0.107649 0.991690 0.070446 158.140961 0.258761 -0.096363 0.961123 -0.749095 0.000000 0.000000 0.000000 1.000000
0.959594 -0.088312 -0.267171 0.674110 0.106387 0.992862 0.053922 158.296677 0.260502 -0.080167 0.962139 -0.426129 0.000000 0.000000 0.000000 1.000000
0.958342 -0.089529 -0.271228 0.832854 0.106309 0.993184 0.047789 158.507477 0.265101 -0.074633 0.961328 -0.085109 0.000000 0.000000 0.000000 1.000000
0.957035 -0.090294 -0.275557 0.949755 0.105197 0.993656 0.039760 158.697906 0.270218 -0.067040 0.960462 0.330630 0.000000 0.000000 0.000000 1.000000
0.955816 -0.092516 -0.279026 1.082789 0.105035 0.994009 0.030221 158.820679 0.274559 -0.058193 0.959808 0.819297 0.000000 0.000000 0.000000 1.000000
0.956089 -0.094060 -0.277573 1.262396 0.106151 0.993932 0.028822 158.919418 0.273178 -0.057021 0.960272 1.412176 0.000000 0.000000 0.000000 1.000000
0.958236 -0.093549 -0.270246 1.427388 0.103660 0.994339 0.023354 158.927155 0.266531 -0.050392 0.962508 2.113417 0.000000 0.000000 0.000000 1.000000
0.960796 -0.091229 -0.261817 1.591649 0.098472 0.995032 0.014651 158.907211 0.259180 -0.039859 0.965006 2.884540 0.000000 0.000000 0.000000 1.000000
0.961739 -0.099031 -0.255444 1.791306 0.099670 0.994965 -0.010475 158.818008 0.255195 -0.015386 0.966767 3.766766 0.000000 0.000000 0.000000 1.000000
0.962580 -0.104242 -0.250147 2.058311 0.099193 0.994529 -0.032741 158.734741 0.252192 0.006703 0.967654 4.870594 0.000000 0.000000 0.000000 1.000000
0.963900 -0.113171 -0.241019 2.458081 0.100766 0.992899 -0.063226 158.679916 0.246463 0.036657 0.968459 6.140246 0.000000 0.000000 0.000000 1.000000
0.965999 -0.115148 -0.231488 2.758833 0.098343 0.991693 -0.082908 158.671219 0.239112 0.057324 0.969299 7.546734 0.000000 0.000000 0.000000 1.000000
0.968187 -0.118717 -0.220274 3.025045 0.096163 0.989217 -0.110467 158.712433 0.231013 0.085770 0.969163 9.158164 0.000000 0.000000 0.000000 1.000000
0.968968 -0.119584 -0.216335 3.382470 0.091227 0.986410 -0.136652 158.734848 0.229736 0.112676 0.966709 11.004600 0.000000 0.000000 0.000000 1.000000
0.969261 -0.119543 -0.215041 3.717552 0.083669 0.982088 -0.168829 158.847855 0.231371 0.145647 0.961901 13.074448 0.000000 0.000000 0.000000 1.000000
0.969016 -0.121654 -0.214963 3.993495 0.079027 0.977250 -0.196817 158.890182 0.234016 0.173731 0.956584 15.443059 0.000000 0.000000 0.000000 1.000000
0.969190 -0.122869 -0.213482 4.254064 0.070302 0.968636 -0.238331 158.826416 0.236070 0.215979 0.947430 18.037039 0.000000 0.000000 0.000000 1.000000
0.968644 -0.127127 -0.213465 4.306588 0.065414 0.959357 -0.274508 158.633926 0.239687 0.251937 0.937591 21.125887 0.000000 0.000000 0.000000 1.000000
0.970176 -0.124139 -0.208202 4.259217 0.056715 0.951321 -0.302938 158.421387 0.235673 0.282095 0.929990 24.645523 0.000000 0.000000 0.000000 1.000000
0.972952 -0.126222 -0.193473 4.108235 0.054304 0.939026 -0.339531 157.927353 0.224533 0.319841 0.920482 28.715466 0.000000 0.000000 0.000000 1.000000
0.976178 -0.124328 -0.177816 3.681491 0.050648 0.927476 -0.370437 157.149506 0.210976 0.352607 0.911678 33.192833 0.000000 0.000000 0.000000 1.000000
0.979261 -0.119908 -0.163310 3.382990 0.047917 0.920261 -0.388359 156.234528 0.196855 0.372480 0.906922 38.060108 0.000000 0.000000 0.000000 1.000000
0.981880 -0.120571 -0.146201 3.220832 0.052518 0.914400 -0.401392 155.352066 0.182082 0.386440 0.904163 43.056114 0.000000 0.000000 0.000000 1.000000
0.984703 -0.122064 -0.124341 3.006992 0.063912 0.916901 -0.393965 154.225098 0.162097 0.379992 0.910676 48.120621 0.000000 0.000000 0.000000 1.000000
0.988095 -0.122781 -0.092704 2.805797 0.078158 0.919629 -0.384933 152.754608 0.132516 0.373105 0.918277 53.049271 0.000000 0.000000 0.000000 1.000000
0.994445 -0.100984 -0.029696 2.726673 0.083662 0.929496 -0.359217 151.760864 0.063878 0.354737 0.932781 58.278183 0.000000 0.000000 0.000000 1.000000
0.996951 -0.076086 0.017293 2.535196 0.077439 0.937681 -0.338760 151.413910 0.009560 0.339066 0.940714 63.714741 0.000000 0.000000 0.000000 1.000000
0.998448 -0.034709 0.043553 2.369038 0.046879 0.945984 -0.320806 151.463593 -0.030066 0.322350 0.946143 69.260216 0.000000 0.000000 0.000000 1.000000
0.998378 0.002449 0.056879 2.143665 0.015837 0.947691 -0.318797 151.539780 -0.054684 0.319181 0.946115 75.315453 0.000000 0.000000 0.000000 1.000000
0.997774 0.029164 0.059964 1.930779 -0.009057 0.950224 -0.311436 152.155319 -0.066062 0.310199 0.948373 82.603798 0.000000 0.000000 0.000000 1.000000
0.996924 0.044365 0.064606 1.684087 -0.023596 0.956008 -0.292389 152.811188 -0.074736 0.289965 0.954115 90.663818 0.000000 0.000000 0.000000 1.000000
0.995390 0.038274 0.087948 1.179881 -0.012599 0.961163 -0.275695 153.796753 -0.095084 0.273316 0.957213 99.435020 0.000000 0.000000 0.000000 1.000000
0.991441 0.029784 0.127111 0.721105 0.002925 0.968317 -0.249705 154.417267 -0.130522 0.247940 0.959943 108.496300 0.000000 0.000000 0.000000 1.000000
0.983977 0.015123 0.177655 0.495259 0.022345 0.978081 -0.207022 153.704620 -0.176892 0.207674 0.962071 117.149590 0.000000 0.000000 0.000000 1.000000
0.974027 0.007583 0.226304 0.252492 0.025368 0.989493 -0.142339 152.108932 -0.225005 0.144383 0.963601 125.279144 0.000000 0.000000 0.000000 1.000000
0.967432 -0.014216 0.252730 -0.019640 0.037810 0.995336 -0.088748 149.460632 -0.250290 0.095414 0.963458 133.694138 0.000000 0.000000 0.000000 1.000000
0.965209 -0.038834 0.258578 -0.465109 0.052807 0.997483 -0.047312 145.488998 -0.256090 0.059321 0.964831 142.086182 0.000000 0.000000 0.000000 1.000000
0.964806 -0.059782 0.256079 -0.966667 0.064025 0.997914 -0.008259 140.511124 -0.255051 0.024364 0.966621 150.374191 0.000000 0.000000 0.000000 1.000000
0.962971 -0.089571 0.254291 -1.688799 0.082144 0.995829 0.039699 134.638824 -0.256787 -0.017340 0.966312 158.729874 0.000000 0.000000 0.000000 1.000000
0.962980 -0.123612 0.239560 -2.611524 0.108797 0.991294 0.074165 127.623550 -0.246642 -0.045356 0.968045 167.193802 0.000000 0.000000 0.000000 1.000000
0.965317 -0.159688 0.206550 -3.475121 0.144052 0.985583 0.088740 120.109230 -0.217743 -0.055909 0.974404 175.328079 0.000000 0.000000 0.000000 1.000000
0.971199 -0.177139 0.159355 -4.327974 0.160344 0.980594 0.112805 112.771141 -0.176244 -0.084004 0.980755 183.558182 0.000000 0.000000 0.000000 1.000000
0.986084 -0.145965 0.079580 -4.734973 0.135214 0.982654 0.126921 105.924477 -0.096726 -0.114394 0.988715 190.892136 0.000000 0.000000 0.000000 1.000000
0.992278 -0.120278 -0.030282 -4.800056 0.122839 0.986774 0.105775 98.488541 0.017159 -0.108678 0.993929 196.275467 0.000000 0.000000 0.000000 1.000000
0.978803 -0.098015 -0.179827 -4.496712 0.097954 0.995148 -0.009246 91.638214 0.179861 -0.008565 0.983655 201.279602 0.000000 0.000000 0.000000 1.000000
0.959346 -0.121668 -0.254662 -4.703400 0.133688 0.990558 0.030368 87.232697 0.248562 -0.063179 0.966553 206.706848 0.000000 0.000000 0.000000 1.000000
0.926296 -0.134948 -0.351803 -3.635951 0.163458 0.985153 0.052491 83.804558 0.339496 -0.106127 0.934601 212.309662 0.000000 0.000000 0.000000 1.000000
0.893677 -0.092906 -0.438986 -2.582759 0.145726 0.985393 0.088120 80.907074 0.424387 -0.142723 0.894162 218.110458 0.000000 0.000000 0.000000 1.000000
0.862515 -0.077656 -0.500037 -1.450594 0.129551 0.989109 0.069853 78.429344 0.489167 -0.125029 0.863182 223.467880 0.000000 0.000000 0.000000 1.000000
0.857893 -0.095141 -0.504944 -0.851886 0.138518 0.989149 0.048966 77.264992 0.494806 -0.111951 0.861762 227.545853 0.000000 0.000000 0.000000 1.000000
0.860569 -0.069068 -0.504629 -0.006931 0.122099 0.989849 0.072742 77.229477 0.494482 -0.124214 0.860267 231.311325 0.000000 0.000000 0.000000 1.000000
0.865249 -0.060692 -0.497655 0.618831 0.107061 0.992116 0.065148 78.025856 0.489777 -0.109649 0.864925 233.664581 0.000000 0.000000 0.000000 1.000000
0.866797 -0.055521 -0.495560 1.085761 0.091742 0.994575 0.049038 79.303047 0.490148 -0.087970 0.867188 235.620148 0.000000 0.000000 0.000000 1.000000
0.867371 -0.054447 -0.494676 1.518257 0.077894 0.996599 0.026888 80.765366 0.491529 -0.061854 0.868662 237.182480 0.000000 0.000000 0.000000 1.000000
0.868333 -0.051755 -0.493273 1.864490 0.064532 0.997876 0.008901 82.321236 0.491765 -0.039561 0.869829 238.359375 0.000000 0.000000 0.000000 1.000000
0.869427 -0.052456 -0.491270 2.038150 0.055268 0.998433 -0.008799 83.891998 0.490961 -0.019502 0.870963 239.181473 0.000000 0.000000 0.000000 1.000000
0.870234 -0.058576 -0.489144 2.147681 0.051936 0.998281 -0.027147 85.392700 0.489893 -0.001780 0.871781 239.759216 0.000000 0.000000 0.000000 1.000000
0.873799 -0.056415 -0.483004 2.185904 0.044865 0.998364 -0.035444 86.855423 0.484214 0.009301 0.874900 240.142899 0.000000 0.000000 0.000000 1.000000
0.878287 -0.056417 -0.474794 2.167897 0.040551 0.998226 -0.043601 88.219849 0.476412 0.019041 0.879016 240.409286 0.000000 0.000000 0.000000 1.000000
0.882703 -0.058822 -0.466235 2.086127 0.040104 0.997945 -0.049977 89.442673 0.468217 0.025417 0.883248 240.513153 0.000000 0.000000 0.000000 1.000000
0.887844 -0.055316 -0.456808 1.917198 0.038786 0.998211 -0.045492 90.577835 0.458508 0.022672 0.888401 240.451492 0.000000 0.000000 0.000000 1.000000
0.893852 -0.053145 -0.445202 1.577478 0.038853 0.998396 -0.041175 91.618904 0.446676 0.019507 0.894483 240.393204 0.000000 0.000000 0.000000 1.000000
0.897400 -0.057851 -0.437408 1.056306 0.043994 0.998159 -0.041757 92.555847 0.439019 0.018229 0.898293 240.349121 0.000000 0.000000 0.000000 1.000000
0.899956 -0.056496 -0.432306 0.500242 0.046677 0.998355 -0.033300 93.424248 0.433476 0.009790 0.901112 240.216705 0.000000 0.000000 0.000000 1.000000</float_array><technique_common><accessor source="#mixamorig_Hips-Matrix-animation-output-transform-array" count="73" stride="16"><param type="float4x4"/></accessor></technique_common></source><source id="mixamorig_Hips-Interpolations"><Name_array id="mixamorig_Hips-Interpolations-array" count="73">
 LINEAR LINEAR LINEAR LINEAR LINEAR LINEAR LINEAR LINEAR LINEAR LINEAR LINEAR
LINEAR LINEAR LINEAR LINEAR LINEAR LINEAR LINEAR LINEAR LINEAR LINEAR LINEAR LINEAR
LINEAR LINEAR LINEAR LINEAR LINEAR LINEAR LINEAR LINEAR LINEAR LINEAR LINEAR LINEAR
LINEAR LINEAR LINEAR LINEAR LINEAR LINEAR LINEAR LINEAR LINEAR LINEAR LINEAR LINEAR
LINEAR LINEAR LINEAR LINEAR LINEAR LINEAR LINEAR LINEAR LINEAR LINEAR LINEAR LINEAR
LINEAR LINEAR LINEAR LINEAR LINEAR LINEAR LINEAR LINEAR LINEAR LINEAR LINEAR LINEAR
LINEAR LINEAR</Name_array><technique_common><accessor source="#mixamorig_Hips-Interpolations-array" count="73"><param type="name"/></accessor></technique_common></source><sampler id="mixamorig_Hips-Matrix-animation-transform"><input semantic="INPUT" source="#mixamorig_Hips-Matrix-animation-input"/><input semantic="OUTPUT" source="#mixamorig_Hips-Matrix-animation-output-transform"/><input semantic="INTERPOLATION" source="#mixamorig_Hips-Interpolations"/></sampler><channel source="#mixamorig_Hips-Matrix-animation-transform" target="mixamorig_Hips/matrix"/></animation>
    <animation id="mixamorig_Spine-anim" name="mixamorig_Spine"><source id="mixamorig_Spine-Matrix-animation-input"><float_array id="mixamorig_Spine-Matrix-animation-input-array" count="73">

0.000000 0.033333 0.066667 0.100000 0.133333 0.166667 0.200000 0.233333 0.266667 0.300000 0.333333 0.366667 0.400000 0.433333 0.466667 0.500000
0.533333 0.566667 0.600000 0.633333 0.666667 0.700000 0.733333 0.766667 0.800000 0.833333 0.866667 0.900000 0.933333 0.966667 1.000000 1.033333
1.066667 1.100000 1.133333 1.166667 1.200000 1.233333 1.266667 1.300000 1.333333 1.366667 1.400000 1.433333 1.466667 1.500000 1.533333 1.566667
1.600000 1.633333 1.666667 1.700000 1.733333 1.766667 1.800000 1.833333 1.866667 1.900000 1.933333 1.966667 2.000000 2.033333 2.066667 2.100000
2.133333 2.166667 2.200000 2.233333 2.266667 2.300000 2.333333 2.366667 2.400000</float_array><technique_common><accessor source="#mixamorig_Spine-Matrix-animation-input-array" count="73"><param name="TIME" type="float"/></accessor></technique_common></source><source id="mixamorig_Spine-Matrix-animation-output-transform"><float_array id="mixamorig_Spine-Matrix-animation-output-transform-array" count="1168">

0.997636 -0.068128 0.008959 -0.038100 0.068627 0.994442 -0.079841 9.490500 -0.003469 0.080267 0.996767 -1.392100 0.000000 0.000000 0.000000 1.000000
0.997589 -0.068817 0.008923 -0.038100 0.069310 0.994426 -0.079461 9.490500 -0.003405 0.079887 0.996798 -1.392100 0.000000 0.000000 0.000000 1.000000
0.997562 -0.069196 0.009070 -0.038100 0.069697 0.994446 -0.078865 9.490500 -0.003563 0.079305 0.996844 -1.392100 0.000000 0.000000 0.000000 1.000000
0.997564 -0.069113 0.009470 -0.038100 0.069643 0.994506 -0.078146 9.490500 -0.004017 0.078615 0.996897 -1.392100 0.000000 0.000000 0.000000 1.000000
0.997588 -0.068704 0.009933 -0.038100 0.069269 0.994575 -0.077599 9.490500 -0.004548 0.078100 0.996935 -1.392100 0.000000 0.000000 0.000000 1.000000
0.997622 -0.068177 0.010133 -0.038100 0.068759 0.994612 -0.077578 9.490500 -0.004790 0.078090 0.996935 -1.392100 0.000000 0.000000 0.000000 1.000000
0.997654 -0.067725 0.010024 -0.038100 0.068302 0.994603 -0.078098 9.490500 -0.004681 0.078599 0.996895 -1.392100 0.000000 0.000000 0.000000 1.000000
0.997660 -0.067672 0.009789 -0.038100 0.068234 0.994563 -0.078671 9.490500 -0.004412 0.079155 0.996853 -1.392100 0.000000 0.000000 0.000000 1.000000
0.997625 -0.068189 0.009691 -0.038100 0.068741 0.994530 -0.078646 9.490500 -0.004275 0.079125 0.996856 -1.392100 0.000000 0.000000 0.000000 1.000000
0.997571 -0.068960 0.009837 -0.038100 0.069518 0.994538 -0.077852 9.490500 -0.004415 0.078346 0.996916 -1.392100 0.000000 0.000000 0.000000 1.000000
0.997540 -0.069345 0.010244 -0.038100 0.069929 0.994587 -0.076853 9.490500 -0.004860 0.077380 0.996990 -1.392100 0.000000 0.000000 0.000000 1.000000
0.997591 -0.068501 0.010936 -0.038100 0.069138 0.994682 -0.076334 9.490500 -0.005649 0.076906 0.997022 -1.392100 0.000000 0.000000 0.000000 1.000000
0.997712 -0.066643 0.011366 -0.038100 0.067321 0.994771 -0.076799 9.490500 -0.006188 0.077388 0.996982 -1.392100 0.000000 0.000000 0.000000 1.000000
0.997832 -0.064887 0.010986 -0.038100 0.065550 0.994776 -0.078252 9.490500 -0.005851 0.078803 0.996873 -1.392100 0.000000 0.000000 0.000000 1.000000
0.997889 -0.064213 0.009760 -0.038100 0.064790 0.994669 -0.080227 9.490500 -0.004557 0.080690 0.996729 -1.392100 0.000000 0.000000 0.000000 1.000000
0.997887 -0.064465 0.008108 -0.038100 0.064914 0.994511 -0.082061 9.490500 -0.002773 0.082413 0.996594 -1.392100 0.000000 0.000000 0.000000 1.000000
0.997909 -0.064284 0.006743 -0.038100 0.064622 0.994435 -0.083209 9.490500 -0.001356 0.083471 0.996509 -1.392100 0.000000 0.000000 0.000000 1.000000
0.998015 -0.062722 0.005654 -0.038100 0.062975 0.994485 -0.083868 9.490500 -0.000363 0.084058 0.996461 -1.392100 0.000000 0.000000 0.000000 1.000000
0.998205 -0.059711 0.004616 -0.038100 0.059887 0.994609 -0.084650 9.490500 0.000463 0.084774 0.996400 -1.392100 0.000000 0.000000 0.000000 1.000000
0.998437 -0.055791 0.003327 -0.038100 0.055870 0.994721 -0.086078 9.490500 0.001493 0.086129 0.996283 -1.392100 0.000000 0.000000 0.000000 1.000000
0.998663 -0.051632 0.002550 -0.038100 0.051656 0.994782 -0.087975 9.490500 0.002006 0.087989 0.996119 -1.392100 0.000000 0.000000 0.000000 1.000000
0.998845 -0.047961 0.002875 -0.038100 0.048025 0.994785 -0.089980 9.490500 0.001455 0.090015 0.995939 -1.392100 0.000000 0.000000 0.000000 1.000000
0.998958 -0.045399 0.004701 -0.038100 0.045639 0.994720 -0.091914 9.490500 -0.000503 0.092033 0.995756 -1.392100 0.000000 0.000000 0.000000 1.000000
0.999038 -0.043188 0.007581 -0.038100 0.043710 0.994624 -0.093870 9.490500 -0.003486 0.094111 0.995556 -1.392100 0.000000 0.000000 0.000000 1.000000
0.999190 -0.038790 0.010713 -0.038100 0.039640 0.994592 -0.096000 9.490500 -0.006931 0.096347 0.995324 -1.392100 0.000000 0.000000 0.000000 1.000000
0.999417 -0.031344 0.013529 -0.038100 0.032528 0.994591 -0.098646 9.490500 -0.010364 0.099029 0.995031 -1.392100 0.000000 0.000000 0.000000 1.000000
0.999636 -0.021717 0.015977 -0.038100 0.023233 0.994538 -0.101761 9.490500 -0.013680 0.102095 0.994681 -1.392100 0.000000 0.000000 0.000000 1.000000
0.999766 -0.011875 0.018074 -0.038100 0.013703 0.994418 -0.104616 9.490500 -0.016731 0.104839 0.994348 -1.392100 0.000000 0.000000 0.000000 1.000000
0.999802 -0.002310 0.019749 -0.038100 0.004393 0.994344 -0.106118 9.490500 -0.019392 0.106183 0.994157 -1.392100 0.000000 0.000000 0.000000 1.000000
0.999743 0.007555 0.021396 -0.038100 -0.005252 0.994382 -0.105725 9.490500 -0.022075 0.105585 0.994165 -1.392100 0.000000 0.000000 0.000000 1.000000
0.999563 0.018399 0.023142 -0.038100 -0.015897 0.994449 -0.104011 9.490500 -0.024928 0.103598 0.994307 -1.392100 0.000000 0.000000 0.000000 1.000000
0.999250 0.030307 0.024122 -0.038100 -0.027702 0.994417 -0.101817 9.490500 -0.027073 0.101072 0.994511 -1.392100 0.000000 0.000000 0.000000 1.000000
0.998819 0.043203 0.022246 -0.038100 -0.040795 0.994228 -0.099228 9.490500 -0.026405 0.098203 0.994816 -1.392100 0.000000 0.000000 0.000000 1.000000
0.998397 0.054161 0.016427 -0.038100 -0.052342 0.994000 -0.096046 9.490500 -0.021530 0.095033 0.995241 -1.392100 0.000000 0.000000 0.000000 1.000000
0.998563 0.052897 0.008550 -0.038100 -0.051886 0.994390 -0.092181 9.490500 -0.013379 0.091605 0.995706 -1.392100 0.000000 0.000000 0.000000 1.000000
0.999080 0.042879 0.000077 -0.038100 -0.042705 0.995181 -0.088270 9.490500 -0.003862 0.088185 0.996097 -1.392100 0.000000 0.000000 0.000000 1.000000
0.999576 0.028506 -0.005971 -0.038100 -0.028907 0.996060 -0.083836 9.490500 0.003558 0.083973 0.996462 -1.392100 0.000000 0.000000 0.000000 1.000000
0.999810 0.016563 -0.010234 -0.038100 -0.017304 0.996865 -0.077209 9.490500 0.008923 0.077372 0.996962 -1.392100 0.000000 0.000000 0.000000 1.000000
0.999771 0.012515 -0.017334 -0.038100 -0.013643 0.997687 -0.066597 9.490500 0.016461 0.066818 0.997629 -1.392100 0.000000 0.000000 0.000000 1.000000
0.999479 0.011055 -0.030337 -0.038100 -0.012626 0.998562 -0.052102 9.490500 0.029718 0.052458 0.998181 -1.392100 0.000000 0.000000 0.000000 1.000000
0.998741 0.009340 -0.049288 -0.038100 -0.011157 0.999263 -0.036728 9.490500 0.048909 0.037232 0.998109 -1.392100 0.000000 0.000000 0.000000 1.000000
0.997589 0.004793 -0.069229 -0.038100 -0.006519 0.999673 -0.024730 9.490500 0.069088 0.025122 0.997294 -1.392100 0.000000 0.000000 0.000000 1.000000
0.996428 -0.002649 -0.084400 -0.038100 0.001049 0.999819 -0.018989 9.490500 0.084435 0.018832 0.996251 -1.392100 0.000000 0.000000 0.000000 1.000000
0.995737 -0.009484 -0.091751 -0.038100 0.007787 0.999792 -0.018839 9.490500 0.091911 0.018044 0.995604 -1.392100 0.000000 0.000000 0.000000 1.000000
0.995918 -0.005309 -0.090108 -0.038100 0.003447 0.999778 -0.020802 9.490500 0.090199 0.020407 0.995715 -1.392100 0.000000 0.000000 0.000000 1.000000
0.996555 0.000424 -0.082929 -0.038100 -0.002316 0.999739 -0.022719 9.490500 0.082898 0.022833 0.996296 -1.392100 0.000000 0.000000 0.000000 1.000000
0.997195 0.008763 -0.074336 -0.038100 -0.010533 0.999669 -0.023454 9.490500 0.074106 0.024171 0.996957 -1.392100 0.000000 0.000000 0.000000 1.000000
0.997561 0.022394 -0.066117 -0.038100 -0.023979 0.999441 -0.023288 9.490500 0.065559 0.024816 0.997540 -1.392100 0.000000 0.000000 0.000000 1.000000
0.997687 0.036379 -0.057419 -0.038100 -0.037802 0.999000 -0.023891 9.490500 0.056492 0.026007 0.998064 -1.392100 0.000000 0.000000 0.000000 1.000000
0.998043 0.041796 -0.046520 -0.038100 -0.043090 0.998702 -0.027163 9.490500 0.045324 0.029114 0.998548 -1.392100 0.000000 0.000000 0.000000 1.000000
0.999114 0.028293 -0.031148 -0.038100 -0.029375 0.998960 -0.034865 9.490500 0.030129 0.035749 0.998907 -1.392100 0.000000 0.000000 0.000000 1.000000
0.999916 0.002751 -0.012670 -0.038100 -0.003329 0.998944 -0.045831 9.490500 0.012531 0.045869 0.998869 -1.392100 0.000000 0.000000 0.000000 1.000000
0.999925 -0.011981 0.002461 -0.038100 0.012103 0.998265 -0.057621 9.490500 -0.001766 0.057646 0.998336 -1.392100 0.000000 0.000000 0.000000 1.000000
0.999896 -0.009472 0.010830 -0.038100 0.010208 0.997493 -0.070020 9.490500 -0.010140 0.070123 0.997487 -1.392100 0.000000 0.000000 0.000000 1.000000
0.999870 -0.000176 0.016150 -0.038100 0.001489 0.996686 -0.081332 9.490500 -0.016082 0.081346 0.996556 -1.392100 0.000000 0.000000 0.000000 1.000000
0.999688 0.007313 0.023904 -0.038100 -0.005094 0.995782 -0.091612 9.490500 -0.024473 0.091462 0.995508 -1.392100 0.000000 0.000000 0.000000 1.000000
0.999453 0.006950 0.032328 -0.038100 -0.003718 0.995082 -0.098987 9.490500 -0.032857 0.098813 0.994563 -1.392100 0.000000 0.000000 0.000000 1.000000
0.999428 0.007288 0.033017 -0.038100 -0.003870 0.994735 -0.102411 9.490500 -0.033589 0.102225 0.994194 -1.392100 0.000000 0.000000 0.000000 1.000000
0.999598 0.008923 0.026927 -0.038100 -0.006111 0.994689 -0.102747 9.490500 -0.027701 0.102541 0.994343 -1.392100 0.000000 0.000000 0.000000 1.000000
0.999755 0.007823 0.020729 -0.038100 -0.005669 0.994768 -0.102004 9.490500 -0.021418 0.101861 0.994568 -1.392100 0.000000 0.000000 0.000000 1.000000
0.999871 0.005792 0.014984 -0.038100 -0.004238 0.994803 -0.101729 9.490500 -0.015495 0.101652 0.994699 -1.392100 0.000000 0.000000 0.000000 1.000000
0.999930 0.004759 0.010842 -0.038100 -0.003639 0.994873 -0.101065 9.490500 -0.011267 0.101018 0.994821 -1.392100 0.000000 0.000000 0.000000 1.000000
0.999958 0.004303 0.008091 -0.038100 -0.003478 0.995045 -0.099361 9.490500 -0.008479 0.099328 0.995019 -1.392100 0.000000 0.000000 0.000000 1.000000
0.999973 0.002990 0.006668 -0.038100 -0.002329 0.995281 -0.097002 9.490500 -0.006927 0.096984 0.995262 -1.392100 0.000000 0.000000 0.000000 1.000000
0.999981 0.000395 0.006163 -0.038100 0.000192 0.995490 -0.094871 9.490500 -0.006173 0.094871 0.995470 -1.392100 0.000000 0.000000 0.000000 1.000000
0.999980 -0.002407 0.005832 -0.038100 0.002940 0.995646 -0.093173 9.490500 -0.005583 0.093188 0.995633 -1.392100 0.000000 0.000000 0.000000 1.000000
0.999973 -0.004874 0.005429 -0.038100 0.005350 0.995796 -0.091440 9.490500 -0.004960 0.091466 0.995796 -1.392100 0.000000 0.000000 0.000000 1.000000
0.999961 -0.007390 0.004862 -0.038100 0.007796 0.995962 -0.089442 9.490500 -0.004182 0.089477 0.995980 -1.392100 0.000000 0.000000 0.000000 1.000000
0.999936 -0.010365 0.004469 -0.038100 0.010715 0.996132 -0.087217 9.490500 -0.003548 0.087260 0.996179 -1.392100 0.000000 0.000000 0.000000 1.000000
0.999895 -0.013759 0.004576 -0.038100 0.014098 0.996301 -0.084762 9.490500 -0.003393 0.084818 0.996391 -1.392100 0.000000 0.000000 0.000000 1.000000
0.999837 -0.017304 0.005055 -0.038100 0.017661 0.996473 -0.082032 9.490500 -0.003618 0.082108 0.996617 -1.392100 0.000000 0.000000 0.000000 1.000000
0.999771 -0.020640 0.005702 -0.038100 0.021027 0.996650 -0.079036 9.490500 -0.004052 0.079138 0.996855 -1.392100 0.000000 0.000000 0.000000 1.000000
0.999685 -0.024172 0.006807 -0.038100 0.024620 0.996810 -0.075924 9.490500 -0.004950 0.076068 0.997090 -1.392100 0.000000 0.000000 0.000000 1.000000</float_array><technique_common><accessor source="#mixamorig_Spine-Matrix-animation-output-transform-array" count="73" stride="16"><param type="float4x4"/></accessor></technique_common></source><source id="mixamorig_Spine-Interpolations"><Name_array id="mixamorig_Spine-Interpolations-array" count="73">
 LINEAR LINEAR LINEAR LINEAR LINEAR LINEAR LINEAR LINEAR LINEAR LINEAR LINEAR
LINEAR LINEAR LINEAR LINEAR LINEAR LINEAR LINEAR LINEAR LINEAR LINEAR LINEAR LINEAR
LINEAR LINEAR LINEAR LINEAR LINEAR LINEAR LINEAR LINEAR LINEAR LINEAR LINEAR LINEAR
LINEAR LINEAR LINEAR LINEAR LINEAR LINEAR LINEAR LINEAR LINEAR LINEAR LINEAR LINEAR
LINEAR LINEAR LINEAR LINEAR LINEAR LINEAR LINEAR LINEAR LINEAR LINEAR LINEAR LINEAR
LINEAR LINEAR LINEAR LINEAR LINEAR LINEAR LINEAR LINEAR LINEAR LINEAR LINEAR LINEAR
LINEAR LINEAR</Name_array><technique_common><accessor source="#mixamorig_Spine-Interpolations-array" count="73"><param type="name"/></accessor></technique_common></source><sampler id="mixamorig_Spine-Matrix-animation-transform"><input semantic="INPUT" source="#mixamorig_Spine-Matrix-animation-input"/><input semantic="OUTPUT" source="#mixamorig_Spine-Matrix-animation-output-transform"/><input semantic="INTERPOLATION" source="#mixamorig_Spine-Interpolations"/></sampler><channel source="#mixamorig_Spine-Matrix-animation-transform" target="mixamorig_Spine/matrix"/></animation>
    <animation id="mixamorig_Spine1-anim" name="mixamorig_Spine1"><source id="mixamorig_Spine1-Matrix-animation-input"><float_array id="mixamorig_Spine1-Matrix-animation-input-array" count="73">

0.000000 0.033333 0.066667 0.100000 0.133333 0.166667 0.200000 0.233333 0.266667 0.300000 0.333333 0.366667 0.400000 0.433333 0.466667 0.500000
0.533333 0.566667 0.600000 0.633333 0.666667 0.700000 0.733333 0.766667 0.800000 0.833333 0.866667 0.900000 0.933333 0.966667 1.000000 1.033333
1.066667 1.100000 1.133333 1.166667 1.200000 1.233333 1.266667 1.300000 1.333333 1.366667 1.400000 1.433333 1.466667 1.500000 1.533333 1.566667
1.600000 1.633333 1.666667 1.700000 1.733333 1.766667 1.800000 1.833333 1.866667 1.900000 1.933333 1.966667 2.000000 2.033333 2.066667 2.100000
2.133333 2.166667 2.200000 2.233333 2.266667 2.300000 2.333333 2.366667 2.400000</float_array><technique_common><accessor source="#mixamorig_Spine1-Matrix-animation-input-array" count="73"><param name="TIME" type="float"/></accessor></technique_common></source><source id="mixamorig_Spine1-Matrix-animation-output-transform"><float_array id="mixamorig_Spine1-Matrix-animation-output-transform-array" count="1168">

0.998334 -0.045989 0.034853 -0.044200 0.050950 0.986082 -0.158260 11.072300 -0.027089 0.159772 0.986782 -1.624100 0.000000 0.000000 0.000000 1.000000
0.998269 -0.047524 0.034641 -0.044200 0.052411 0.986129 -0.157491 11.072300 -0.026676 0.159034 0.986913 -1.624100 0.000000 0.000000 0.000000 1.000000
0.998227 -0.048427 0.034601 -0.044200 0.053266 0.986267 -0.156331 11.072300 -0.026555 0.157897 0.987098 -1.624100 0.000000 0.000000 0.000000 1.000000
0.998205 -0.048707 0.034845 -0.044200 0.053545 0.986464 -0.154991 11.072300 -0.026825 0.156579 0.987301 -1.624100 0.000000 0.000000 0.000000 1.000000
0.998193 -0.048741 0.035152 -0.044200 0.053599 0.986615 -0.154007 11.072300 -0.027175 0.155613 0.987444 -1.624100 0.000000 0.000000 0.000000 1.000000
0.998191 -0.048795 0.035113 -0.044200 0.053646 0.986612 -0.154009 11.072300 -0.027128 0.155614 0.987445 -1.624100 0.000000 0.000000 0.000000 1.000000
0.998211 -0.048831 0.034515 -0.044200 0.053616 0.986451 -0.155045 11.072300 -0.026476 0.156619 0.987304 -1.624100 0.000000 0.000000 0.000000 1.000000
0.998248 -0.048773 0.033508 -0.044200 0.053431 0.986281 -0.156191 11.072300 -0.025431 0.157708 0.987158 -1.624100 0.000000 0.000000 0.000000 1.000000
0.998287 -0.048701 0.032425 -0.044200 0.053189 0.986296 -0.156175 11.072300 -0.024375 0.157632 0.987197 -1.624100 0.000000 0.000000 0.000000 1.000000
0.998319 -0.048591 0.031601 -0.044200 0.052914 0.986550 -0.154659 11.072300 -0.023661 0.156071 0.987462 -1.624100 0.000000 0.000000 0.000000 1.000000
0.998359 -0.047922 0.031335 -0.044200 0.052165 0.986893 -0.152710 11.072300 -0.023606 0.154094 0.987774 -1.624100 0.000000 0.000000 0.000000 1.000000
0.998434 -0.046108 0.031671 -0.044200 0.050399 0.987139 -0.151710 11.072300 -0.024269 0.153068 0.987918 -1.624100 0.000000 0.000000 0.000000 1.000000
0.998556 -0.043128 0.032015 -0.044200 0.047526 0.987154 -0.152538 11.072300 -0.025025 0.153839 0.987779 -1.624100 0.000000 0.000000 0.000000 1.000000
0.998717 -0.039859 0.031239 -0.044200 0.044241 0.986892 -0.155201 11.072300 -0.024644 0.156384 0.987389 -1.624100 0.000000 0.000000 0.000000 1.000000
0.998892 -0.037296 0.028694 -0.044200 0.041395 0.986422 -0.158928 11.072300 -0.022377 0.159940 0.986873 -1.624100 0.000000 0.000000 0.000000 1.000000
0.999052 -0.035569 0.025107 -0.044200 0.039184 0.985943 -0.162422 11.072300 -0.018977 0.163252 0.986402 -1.624100 0.000000 0.000000 0.000000 1.000000
0.999176 -0.034100 0.022002 -0.044200 0.037260 0.985685 -0.164426 11.072300 -0.016080 0.165111 0.986144 -1.624100 0.000000 0.000000 0.000000 1.000000
0.999270 -0.032471 0.020115 -0.044200 0.035349 0.985670 -0.164941 11.072300 -0.014471 0.165531 0.986098 -1.624100 0.000000 0.000000 0.000000 1.000000
0.999357 -0.030497 0.018872 -0.044200 0.033200 0.985708 -0.165160 11.072300 -0.013566 0.165681 0.986086 -1.624100 0.000000 0.000000 0.000000 1.000000
0.999455 -0.027899 0.017672 -0.044200 0.030454 0.985586 -0.166414 11.072300 -0.012774 0.166861 0.985898 -1.624100 0.000000 0.000000 0.000000 1.000000
0.999558 -0.024325 0.017100 -0.044200 0.026866 0.985273 -0.168864 11.072300 -0.012741 0.169248 0.985491 -1.624100 0.000000 0.000000 0.000000 1.000000
0.999627 -0.020190 0.018384 -0.044200 0.023053 0.984833 -0.171969 11.072300 -0.014633 0.172329 0.984931 -1.624100 0.000000 0.000000 0.000000 1.000000
0.999631 -0.015983 0.021949 -0.044200 0.019587 0.984319 -0.175307 11.072300 -0.018803 0.175673 0.984269 -1.624100 0.000000 0.000000 0.000000 1.000000
0.999572 -0.011035 0.027079 -0.044200 0.015705 0.983753 -0.178838 11.072300 -0.024666 0.179187 0.983506 -1.624100 0.000000 0.000000 0.000000 1.000000
0.999455 -0.003710 0.032788 -0.044200 0.009641 0.983135 -0.182626 11.072300 -0.031557 0.182843 0.982636 -1.624100 0.000000 0.000000 0.000000 1.000000
0.999239 0.006841 0.038413 -0.044200 0.000467 0.982343 -0.187090 11.072300 -0.039014 0.186965 0.981592 -1.624100 0.000000 0.000000 0.000000 1.000000
0.998863 0.019715 0.043404 -0.044200 -0.011010 0.981265 -0.192350 11.072300 -0.046383 0.191653 0.980366 -1.624100 0.000000 0.000000 0.000000 1.000000
0.998306 0.033842 0.047328 -0.044200 -0.023861 0.980021 -0.197457 11.072300 -0.053065 0.195993 0.979169 -1.624100 0.000000 0.000000 0.000000 1.000000
0.997502 0.049308 0.050589 -0.044200 -0.038220 0.978942 -0.200528 11.072300 -0.059411 0.198094 0.978381 -1.624100 0.000000 0.000000 0.000000 1.000000
0.996273 0.066734 0.054656 -0.044200 -0.054529 0.978196 -0.200398 11.072300 -0.066838 0.196670 0.978189 -1.624100 0.000000 0.000000 0.000000 1.000000
0.994536 0.085020 0.060580 -0.044200 -0.071530 0.977640 -0.197747 11.072300 -0.076038 0.192333 0.978379 -1.624100 0.000000 0.000000 0.000000 1.000000
0.992640 0.101093 0.066679 -0.044200 -0.086494 0.977197 -0.193919 11.072300 -0.084762 0.186724 0.978749 -1.624100 0.000000 0.000000 0.000000 1.000000
0.991426 0.111549 0.068049 -0.044200 -0.096960 0.977151 -0.189143 11.072300 -0.087593 0.180923 0.979589 -1.624100 0.000000 0.000000 0.000000 1.000000
0.991680 0.114162 0.059471 -0.044200 -0.101600 0.977859 -0.182944 11.072300 -0.079039 0.175380 0.981323 -1.624100 0.000000 0.000000 0.000000 1.000000
0.993282 0.108668 0.039785 -0.044200 -0.100149 0.979467 -0.174970 11.072300 -0.057981 0.169810 0.983770 -1.624100 0.000000 0.000000 0.000000 1.000000
0.995293 0.096009 0.013189 -0.044200 -0.092530 0.981914 -0.165177 11.072300 -0.028809 0.163180 0.986176 -1.624100 0.000000 0.000000 0.000000 1.000000
0.996818 0.078439 -0.014216 -0.044200 -0.079691 0.985041 -0.152789 11.072300 0.002019 0.153435 0.988157 -1.624100 0.000000 0.000000 0.000000 1.000000
0.997519 0.058466 -0.039215 -0.044200 -0.063310 0.988619 -0.136468 11.072300 0.030790 0.138612 0.989868 -1.624100 0.000000 0.000000 0.000000 1.000000
0.997252 0.038855 -0.063076 -0.044200 -0.045946 0.992282 -0.115178 11.072300 0.058114 0.117759 0.991340 -1.624100 0.000000 0.000000 0.000000 1.000000
0.995761 0.022540 -0.089177 -0.044200 -0.030571 0.995496 -0.089740 11.072300 0.086753 0.092086 0.991965 -1.624100 0.000000 0.000000 0.000000 1.000000
0.992854 0.010989 -0.118828 -0.044200 -0.018740 0.997754 -0.064309 11.072300 0.117854 0.066076 0.990830 -1.624100 0.000000 0.000000 0.000000 1.000000
0.988897 0.004085 -0.148546 -0.044200 -0.010908 0.998921 -0.045149 11.072300 0.148201 0.046268 0.987874 -1.624100 0.000000 0.000000 0.000000 1.000000
0.985229 0.000401 -0.171239 -0.044200 -0.006820 0.999296 -0.036899 11.072300 0.171104 0.037522 0.984538 -1.624100 0.000000 0.000000 0.000000 1.000000
0.983510 -0.001151 -0.180848 -0.044200 -0.005979 0.999226 -0.038877 11.072300 0.180753 0.039317 0.982742 -1.624100 0.000000 0.000000 0.000000 1.000000
0.984246 -0.000922 -0.176800 -0.044200 -0.007349 0.998909 -0.046120 11.072300 0.176650 0.046693 0.983166 -1.624100 0.000000 0.000000 0.000000 1.000000
0.986426 0.001853 -0.164195 -0.044200 -0.010684 0.998542 -0.052915 11.072300 0.163858 0.053951 0.985008 -1.624100 0.000000 0.000000 0.000000 1.000000
0.988771 0.008036 -0.149224 -0.044200 -0.016719 0.998233 -0.057023 11.072300 0.148502 0.058878 0.987158 -1.624100 0.000000 0.000000 0.000000 1.000000
0.990754 0.018162 -0.134449 -0.044200 -0.026372 0.997878 -0.059533 11.072300 0.133083 0.062529 0.989131 -1.624100 0.000000 0.000000 0.000000 1.000000
0.992470 0.030845 -0.118540 -0.044200 -0.038483 0.997291 -0.062695 11.072300 0.116285 0.066785 0.990968 -1.624100 0.000000 0.000000 0.000000 1.000000
0.994227 0.041664 -0.098880 -0.044200 -0.048482 0.996535 -0.067577 11.072300 0.095722 0.071981 0.992802 -1.624100 0.000000 0.000000 0.000000 1.000000
0.996400 0.044524 -0.072148 -0.044200 -0.049931 0.995935 -0.074966 11.072300 0.068517 0.078298 0.994573 -1.624100 0.000000 0.000000 0.000000 1.000000
0.998483 0.038682 -0.039186 -0.044200 -0.041898 0.995509 -0.084892 11.072300 0.035726 0.086405 0.995619 -1.624100 0.000000 0.000000 0.000000 1.000000
0.999525 0.030410 -0.005028 -0.044200 -0.030758 0.994619 -0.098931 11.072300 0.001992 0.099039 0.995082 -1.624100 0.000000 0.000000 0.000000 1.000000
0.999350 0.025421 0.025579 -0.044200 -0.022166 0.992483 -0.120357 11.072300 -0.028446 0.119712 0.992401 -1.624100 0.000000 0.000000 0.000000 1.000000
0.998400 0.024421 0.050994 -0.044200 -0.016755 0.989190 -0.145677 11.072300 -0.054001 0.144590 0.988017 -1.624100 0.000000 0.000000 0.000000 1.000000
0.997097 0.026238 0.071474 -0.044200 -0.013842 0.985571 -0.168694 11.072300 -0.074869 0.167215 0.983074 -1.624100 0.000000 0.000000 0.000000 1.000000
0.995967 0.030410 0.084406 -0.044200 -0.014390 0.982770 -0.184269 11.072300 -0.088556 0.182312 0.979245 -1.624100 0.000000 0.000000 0.000000 1.000000
0.995711 0.035323 0.085513 -0.044200 -0.018257 0.981094 -0.192671 11.072300 -0.090701 0.190283 0.977530 -1.624100 0.000000 0.000000 0.000000 1.000000
0.996406 0.038817 0.075294 -0.044200 -0.023300 0.980134 -0.196963 11.072300 -0.081444 0.194501 0.977515 -1.624100 0.000000 0.000000 0.000000 1.000000
0.997385 0.039691 0.060396 -0.044200 -0.026955 0.979691 -0.198695 11.072300 -0.067056 0.196547 0.978199 -1.624100 0.000000 0.000000 0.000000 1.000000
0.998141 0.037825 0.047783 -0.044200 -0.027664 0.979857 -0.197776 11.072300 -0.054301 0.196087 0.979082 -1.624100 0.000000 0.000000 0.000000 1.000000
0.998585 0.035237 0.039837 -0.044200 -0.026862 0.980626 -0.194040 11.072300 -0.045903 0.192695 0.980184 -1.624100 0.000000 0.000000 0.000000 1.000000
0.998820 0.033369 0.035300 -0.044200 -0.026116 0.981636 -0.188968 11.072300 -0.040957 0.187823 0.981348 -1.624100 0.000000 0.000000 0.000000 1.000000
0.998958 0.031888 0.032659 -0.044200 -0.025343 0.982562 -0.184199 11.072300 -0.037963 0.183180 0.982346 -1.624100 0.000000 0.000000 0.000000 1.000000
0.999065 0.029796 0.031311 -0.044200 -0.023673 0.983314 -0.180371 11.072300 -0.036163 0.179461 0.983100 -1.624100 0.000000 0.000000 0.000000 1.000000
0.999168 0.026787 0.030747 -0.044200 -0.020935 0.983996 -0.176956 11.072300 -0.034995 0.176165 0.983738 -1.624100 0.000000 0.000000 0.000000 1.000000
0.999270 0.023286 0.030273 -0.044200 -0.017699 0.984724 -0.173218 11.072300 -0.033844 0.172556 0.984418 -1.624100 0.000000 0.000000 0.000000 1.000000
0.999372 0.019469 0.029620 -0.044200 -0.014185 0.985489 -0.169147 11.072300 -0.032483 0.168620 0.985146 -1.624100 0.000000 0.000000 0.000000 1.000000
0.999459 0.015259 0.029131 -0.044200 -0.010248 0.986241 -0.164999 11.072300 -0.031248 0.164611 0.985863 -1.624100 0.000000 0.000000 0.000000 1.000000
0.999515 0.010757 0.029218 -0.044200 -0.005927 0.986995 -0.160642 11.072300 -0.030566 0.160391 0.986580 -1.624100 0.000000 0.000000 0.000000 1.000000
0.999532 0.006349 0.029924 -0.044200 -0.001611 0.987793 -0.155763 11.072300 -0.030548 0.155641 0.987341 -1.624100 0.000000 0.000000 0.000000 1.000000
0.999516 0.002288 0.031023 -0.044200 0.002405 0.988626 -0.150377 11.072300 -0.031014 0.150379 0.988142 -1.624100 0.000000 0.000000 0.000000 1.000000
0.999472 -0.001585 0.032447 -0.044200 0.006275 0.989415 -0.144978 11.072300 -0.031874 0.145105 0.988903 -1.624100 0.000000 0.000000 0.000000 1.000000</float_array><technique_common><accessor source="#mixamorig_Spine1-Matrix-animation-output-transform-array" count="73" stride="16"><param type="float4x4"/></accessor></technique_common></source><source id="mixamorig_Spine1-Interpolations"><Name_array id="mixamorig_Spine1-Interpolations-array" count="73">
 LINEAR LINEAR LINEAR LINEAR LINEAR LINEAR LINEAR LINEAR LINEAR LINEAR LINEAR
LINEAR LINEAR LINEAR LINEAR LINEAR LINEAR LINEAR LINEAR LINEAR LINEAR LINEAR LINEAR
