<?xml version="1.0" encoding="utf-8"?>
<COLLADA xmlns="http://www.collada.org/2005/11/COLLADASchema" version="1.4.1">
  <asset><contributor><author>Mixamo</author><authoring_tool>COLLADA Mixamo exporter</authoring_tool><comments></comments></contributor><created>2018-12-10T17:12:18Z</created><modified>2018-12-10T17:12:18Z</modified><revision></revision><title></title><unit meter="0.010000"/><up_axis>Y_UP</up_axis></asset>
  <library_animations>
    <animation id="mixamorig_Hips-anim" name="mixamorig_Hips"><source id="mixamorig_Hips-Matrix-animation-input"><float_array id="mixamorig_Hips-Matrix-animation-input-array" count="288">

0.000000 0.033333 0.066667 0.100000 0.133333 0.166667 0.200000 0.233333 0.266667 0.300000 0.333333 0.366667 0.400000 0.433333 0.466667 0.500000
0.533333 0.566667 0.600000 0.633333 0.666667 0.700000 0.733333 0.766667 0.800000 0.833333 0.866667 0.900000 0.933333 0.966667 1.000000 1.033333
1.066667 1.100000 1.133333 1.166667 1.200000 1.233333 1.266667 1.300000 1.333333 1.366667 1.400000 1.433333 1.466667 1.500000 1.533333 1.566667
1.600000 1.633333 1.666667 1.700000 1.733333 1.766667 1.800000 1.833333 1.866667 1.900000 1.933333 1.966667 2.000000 2.033333 2.066667 2.100000
2.133333 2.166667 2.200000 2.233333 2.266667 2.300000 2.333333 2.366667 2.400000 2.433333 2.466667 2.500000 2.533333 2.566667 2.600000 2.633333
2.666667 2.700000 2.733333 2.766667 2.800000 2.833333 2.866667 2.900000 2.933333 2.966667 3.000000 3.033333 3.066667 3.100000 3.133333 3.166667
3.200000 3.233333 3.266667 3.300000 3.333333 3.366667 3.400000 3.433333 3.466667 3.500000 3.533333 3.566667 3.600000 3.633333 3.666667 3.700000
3.733333 3.766667 3.800000 3.833333 3.866667 3.900000 3.933333 3.966667 4.000000 4.033333 4.066667 4.100000 4.133333 4.166667 4.200000 4.233333
4.266667 4.300000 4.333333 4.366667 4.400000 4.433333 4.466667 4.500000 4.533333 4.566667 4.600000 4.633333 4.666667 4.700000 4.733333 4.766667
4.800000 4.833333 4.866667 4.900000 4.933333 4.966667 5.000000 5.033333 5.066667 5.100000 5.133333 5.166667 5.200000 5.233333 5.266667 5.300000
5.333333 5.366667 5.400000 5.433333 5.466667 5.500000 5.533333 5.566667 5.600000 5.633333 5.666667 5.700000 5.733333 5.766667 5.800000 5.833333
5.866667 5.900000 5.933333 5.966667 6.000000 6.033333 6.066667 6.100000 6.133333 6.166667 6.200000 6.233333 6.266667 6.300000 6.333333 6.366667
6.400000 6.433333 6.466667 6.500000 6.533333 6.566667 6.600000 6.633333 6.666667 6.700000 6.733333 6.766667 6.800000 6.833333 6.866667 6.900000
6.933333 6.966667 7.000000 7.033333 7.066667 7.100000 7.133333 7.166667 7.200000 7.233333 7.266667 7.300000 7.333333 7.366667 7.400000 7.433333
7.466667 7.500000 7.533333 7.566667 7.600000 7.633333 7.666667 7.700000 7.733333 7.766667 7.800000 7.833333 7.866667 7.900000 7.933333 7.966667
8.000000 8.033333 8.066667 8.100000 8.133333 8.166667 8.200000 8.233333 8.266667 8.300000 8.333333 8.366667 8.400000 8.433333 8.466667 8.500000
8.533333 8.566667 8.600000 8.633333 8.666667 8.700000 8.733333 8.766667 8.800000 8.833333 8.866667 8.900000 8.933333 8.966667 9.000000 9.033333
9.066667 9.100000 9.133333 9.166667 9.200000 9.233333 9.266667 9.300000 9.333333 9.366667 9.400000 9.433333 9.466667 9.500000 9.533333 9.566667</float_array><technique_common><accessor source="#mixamorig_Hips-Matrix-animation-input-array" count="288"><param name="TIME" type="float"/></accessor></technique_common></source><source id="mixamorig_Hips-Matrix-animation-output-transform"><float_array id="mixamorig_Hips-Matrix-animation-output-transform-array" count="4608">

0.999947 0.010300 0.000938 0.122453 -0.010343 0.995644 0.092656 103.443237 0.000020 -0.092661 0.995698 1.862818 0.000000 0.000000 0.000000 1.000000
0.999954 0.009519 0.000755 0.111404 -0.009548 0.995666 0.092505 103.437485 0.000128 -0.092508 0.995712 1.870687 0.000000 0.000000 0.000000 1.000000
0.999961 0.008861 0.000588 0.098050 -0.008878 0.995664 0.092595 103.428963 0.000235 -0.092596 0.995704 1.868607 0.000000 0.000000 0.000000 1.000000
0.999965 0.008391 0.000362 0.083981 -0.008388 0.995613 0.093192 103.415039 0.000421 -0.093191 0.995648 1.856288 0.000000 0.000000 0.000000 1.000000
0.999967 0.008063 -0.000070 0.070720 -0.008020 0.995513 0.094286 103.394875 0.000830 -0.094283 0.995545 1.836434 0.000000 0.000000 0.000000 1.000000
0.999970 0.007761 -0.000858 0.058477 -0.007643 0.995392 0.095585 103.372025 0.001596 -0.095576 0.995421 1.811896 0.000000 0.000000 0.000000 1.000000
0.999971 0.007347 -0.002026 0.045406 -0.007117 0.995299 0.096593 103.352089 0.002726 -0.096575 0.995322 1.783008 0.000000 0.000000 0.000000 1.000000
0.999971 0.006776 -0.003368 0.028369 -0.006419 0.995288 0.096746 103.337227 0.004008 -0.096722 0.995303 1.746306 0.000000 0.000000 0.000000 1.000000
0.999970 0.006280 -0.004597 0.005264 -0.005811 0.995397 0.095665 103.324966 0.005176 -0.095635 0.995403 1.694452 0.000000 0.000000 0.000000 1.000000
0.999964 0.006323 -0.005569 -0.024091 -0.005775 0.995607 0.093455 103.311035 0.006136 -0.093420 0.995608 1.618352 0.000000 0.000000 0.000000 1.000000
0.999955 0.007177 -0.006150 -0.059580 -0.006590 0.995853 0.090734 103.293083 0.006776 -0.090689 0.995856 1.512362 0.000000 0.000000 0.000000 1.000000
0.999945 0.008584 -0.005988 -0.102425 -0.008024 0.996089 0.087989 103.270767 0.006720 -0.087936 0.996103 1.377642 0.000000 0.000000 0.000000 1.000000
0.999939 0.009954 -0.004767 -0.154580 -0.009513 0.996344 0.084903 103.245636 0.005595 -0.084853 0.996378 1.218669 0.000000 0.000000 0.000000 1.000000
0.999939 0.010790 -0.002554 -0.215606 -0.010549 0.996692 0.080586 103.218323 0.003415 -0.080554 0.996744 1.037217 0.000000 0.000000 0.000000 1.000000
0.999940 0.010985 0.000346 -0.280630 -0.010980 0.997162 0.074481 103.189125 0.000473 -0.074480 0.997222 0.830531 0.000000 0.000000 0.000000 1.000000
0.999933 0.010914 0.003858 -0.344870 -0.011147 0.997704 0.066807 103.157959 -0.003120 -0.066845 0.997758 0.593653 0.000000 0.000000 0.000000 1.000000
0.999901 0.011330 0.008317 -0.409597 -0.011794 0.998244 0.058058 103.124428 -0.007645 -0.058150 0.998279 0.320489 0.000000 0.000000 0.000000 1.000000
0.999819 0.012779 0.014077 -0.479396 -0.013445 0.998741 0.048322 103.085922 -0.013442 -0.048503 0.998733 0.002763 0.000000 0.000000 0.000000 1.000000
0.999670 0.014755 0.021005 -0.555413 -0.015532 0.999184 0.037294 103.039619 -0.020438 -0.037608 0.999084 -0.367139 0.000000 0.000000 0.000000 1.000000
0.999467 0.015839 0.028537 -0.634578 -0.016548 0.999556 0.024761 102.986305 -0.028132 -0.025220 0.999286 -0.791094 0.000000 0.000000 0.000000 1.000000
0.999224 0.015114 0.036384 -0.711997 -0.015515 0.999822 0.010763 102.926224 -0.036215 -0.011319 0.999280 -1.265731 0.000000 0.000000 0.000000 1.000000
0.998898 0.013292 0.045018 -0.781846 -0.013093 0.999903 -0.004707 102.853867 -0.045076 0.004113 0.998975 -1.789468 0.000000 0.000000 0.000000 1.000000
0.998413 0.012164 0.054990 -0.842929 -0.010976 0.999701 -0.021854 102.758537 -0.055240 0.021216 0.998248 -2.366216 0.000000 0.000000 0.000000 1.000000
0.997747 0.012952 0.065831 -0.906114 -0.010274 0.999112 -0.040858 102.635979 -0.066301 0.040089 0.996994 -2.997810 0.000000 0.000000 0.000000 1.000000
0.996967 0.015463 0.076275 -0.990202 -0.010759 0.998037 -0.061690 102.483185 -0.077080 0.060682 0.995177 -3.674198 0.000000 0.000000 0.000000 1.000000
0.996152 0.018608 0.085641 -1.103741 -0.011388 0.996398 -0.084033 102.301025 -0.086896 0.082735 0.992776 -4.374194 0.000000 0.000000 0.000000 1.000000
0.995290 0.021407 0.094554 -1.235156 -0.011176 0.994149 -0.107436 102.090996 -0.096301 0.105873 0.989706 -5.076479 0.000000 0.000000 0.000000 1.000000
0.994281 0.023675 0.104139 -1.363058 -0.009783 0.991209 -0.131945 101.851715 -0.106347 0.130172 0.985772 -5.768163 0.000000 0.000000 0.000000 1.000000
0.993088 0.025835 0.114498 -1.472925 -0.007455 0.987391 -0.158127 101.577850 -0.117139 0.156180 0.980758 -6.443653 0.000000 0.000000 0.000000 1.000000
0.991839 0.027931 0.124403 -1.565812 -0.004295 0.982477 -0.186336 101.264832 -0.127427 0.184281 0.974578 -7.098656 0.000000 0.000000 0.000000 1.000000
0.990731 0.029296 0.132643 -1.653712 0.000058 0.976375 -0.216082 100.911880 -0.135839 0.214087 0.967323 -7.727011 0.000000 0.000000 0.000000 1.000000
0.989812 0.029533 0.139283 -1.747320 0.005732 0.969193 -0.246236 100.522507 -0.142264 0.244525 0.959150 -8.319019 0.000000 0.000000 0.000000 1.000000
0.988952 0.029325 0.145305 -1.855539 0.012037 0.961113 -0.275894 100.099480 -0.147745 0.274595 0.950142 -8.861551 0.000000 0.000000 0.000000 1.000000
0.988001 0.029773 0.151548 -1.987708 0.018060 0.952240 -0.304817 99.642242 -0.153386 0.303896 0.940276 -9.344564 0.000000 0.000000 0.000000 1.000000
0.986937 0.031163 0.158063 -2.143928 0.023583 0.942599 -0.333093 99.158882 -0.159371 0.332469 0.929551 -9.765667 0.000000 0.000000 0.000000 1.000000
0.985886 0.032455 0.164242 -2.303404 0.029382 0.932262 -0.360588 98.678886 -0.164819 0.360325 0.918151 -10.125480 0.000000 0.000000 0.000000 1.000000
0.984946 0.032168 0.169844 -2.436556 0.036627 0.921388 -0.386915 98.234940 -0.168938 0.387311 0.906339 -10.423894 0.000000 0.000000 0.000000 1.000000
0.983966 0.030264 0.175771 -2.540341 0.045655 0.909928 -0.412247 97.836327 -0.172415 0.413661 0.893956 -10.669949 0.000000 0.000000 0.000000 1.000000
0.982601 0.028685 0.183500 -2.648736 0.055536 0.897418 -0.437672 97.459679 -0.177231 0.440248 0.880211 -10.885776 0.000000 0.000000 0.000000 1.000000
0.980611 0.029408 0.193744 -2.795417 0.065177 0.883444 -0.463982 97.078659 -0.184807 0.467614 0.864398 -11.088220 0.000000 0.000000 0.000000 1.000000
0.978051 0.032599 0.205798 -2.978166 0.074223 0.868386 -0.490302 96.694351 -0.194695 0.494816 0.846907 -11.269661 0.000000 0.000000 0.000000 1.000000
0.975230 0.036911 0.218093 -3.171968 0.082678 0.853684 -0.514187 96.334023 -0.205162 0.519482 0.829486 -11.405403 0.000000 0.000000 0.000000 1.000000
0.972507 0.040847 0.229264 -3.361247 0.090411 0.841046 -0.533355 96.026344 -0.214608 0.539419 0.814230 -11.475533 0.000000 0.000000 0.000000 1.000000
0.970067 0.043648 0.238882 -3.545838 0.097438 0.831090 -0.547536 95.774132 -0.222431 0.554423 0.801960 -11.479342 0.000000 0.000000 0.000000 1.000000
0.967843 0.045426 0.247420 -3.728026 0.104172 0.822888 -0.558573 95.552849 -0.228973 0.566385 0.791694 -11.433651 0.000000 0.000000 0.000000 1.000000
0.965654 0.046822 0.255577 -3.907384 0.111012 0.814988 -0.568745 95.337044 -0.234922 0.577583 0.781799 -11.356123 0.000000 0.000000 0.000000 1.000000
0.963368 0.048387 0.263782 -4.087088 0.118080 0.806587 -0.579201 95.118294 -0.240789 0.589131 0.771327 -11.252510 0.000000 0.000000 0.000000 1.000000
0.960930 0.050230 0.272196 -4.276746 0.125360 0.797777 -0.589777 94.898468 -0.246777 0.600857 0.760311 -11.122255 0.000000 0.000000 0.000000 1.000000
0.958357 0.052159 0.280768 -4.481231 0.132768 0.789079 -0.599773 94.674278 -0.252832 0.612074 0.749294 -10.968784 0.000000 0.000000 0.000000 1.000000
0.955744 0.053906 0.289219 -4.692552 0.140139 0.780959 -0.608658 94.436188 -0.258678 0.622252 0.738842 -10.800722 0.000000 0.000000 0.000000 1.000000
0.953192 0.055248 0.297275 -4.896546 0.147333 0.773685 -0.616202 94.177139 -0.264041 0.631157 0.729330 -10.623751 0.000000 0.000000 0.000000 1.000000
0.950683 0.056112 0.305046 -5.087674 0.154411 0.767338 -0.622374 93.893906 -0.268996 0.638783 0.720831 -10.438772 0.000000 0.000000 0.000000 1.000000
0.948062 0.056505 0.313025 -5.273928 0.161685 0.761872 -0.627223 93.585663 -0.273926 0.645258 0.713167 -10.248434 0.000000 0.000000 0.000000 1.000000
0.945188 0.056429 0.321614 -5.465779 0.169453 0.757171 -0.630854 93.254433 -0.279116 0.650774 0.706107 -10.057024 0.000000 0.000000 0.000000 1.000000
0.942094 0.055905 0.330655 -5.664700 0.177632 0.753130 -0.633437 92.908791 -0.284438 0.655493 0.699589 -9.866793 0.000000 0.000000 0.000000 1.000000
0.939015 0.055035 0.339445 -5.860579 0.185654 0.749754 -0.635138 92.553093 -0.289455 0.659424 0.693813 -9.677389 0.000000 0.000000 0.000000 1.000000
0.936221 0.053979 0.347240 -6.033520 0.192831 0.747162 -0.636055 92.187996 -0.293778 0.662447 0.689100 -9.489662 0.000000 0.000000 0.000000 1.000000
0.933824 0.052778 0.353819 -6.173131 0.198926 0.745425 -0.636215 91.815689 -0.297324 0.664497 0.685597 -9.309169 0.000000 0.000000 0.000000 1.000000
0.931713 0.051294 0.359555 -6.283995 0.204367 0.744339 -0.635762 91.442238 -0.300242 0.665829 0.683028 -9.141489 0.000000 0.000000 0.000000 1.000000
0.929781 0.049553 0.364763 -6.379030 0.209516 0.743506 -0.635060 91.082970 -0.302673 0.666890 0.680916 -8.990175 0.000000 0.000000 0.000000 1.000000
0.928031 0.047794 0.369425 -6.468711 0.214290 0.742705 -0.634405 90.749359 -0.304694 0.667911 0.679011 -8.856997 0.000000 0.000000 0.000000 1.000000
0.926508 0.046165 0.373432 -6.552197 0.218439 0.742096 -0.633702 90.441818 -0.306377 0.668702 0.677474 -8.744831 0.000000 0.000000 0.000000 1.000000
0.925234 0.044551 0.376772 -6.619844 0.221906 0.741955 -0.632662 90.158325 -0.307733 0.668968 0.676596 -8.659010 0.000000 0.000000 0.000000 1.000000
0.924242 0.042824 0.379397 -6.660689 0.224698 0.742378 -0.631178 89.892647 -0.308686 0.668611 0.676515 -8.602824 0.000000 0.000000 0.000000 1.000000
0.923591 0.041083 0.381171 -6.670719 0.226675 0.743321 -0.629358 89.644066 -0.309188 0.667672 0.677212 -8.579754 0.000000 0.000000 0.000000 1.000000
0.923345 0.039510 0.381933 -6.651896 0.227616 0.744758 -0.627317 89.417793 -0.309233 0.666164 0.678675 -8.594451 0.000000 0.000000 0.000000 1.000000
0.923563 0.038200 0.381540 -6.609801 0.227363 0.746681 -0.625119 89.225769 -0.308768 0.664084 0.680922 -8.652417 0.000000 0.000000 0.000000 1.000000
0.924270 0.037169 0.379925 -6.552256 0.225949 0.748919 -0.622951 89.080650 -0.307688 0.661618 0.683805 -8.756258 0.000000 0.000000 0.000000 1.000000
0.925426 0.036384 0.377178 -6.487037 0.223641 0.751090 -0.621167 88.992676 -0.305895 0.659196 0.686942 -8.902943 0.000000 0.000000 0.000000 1.000000
0.926934 0.035690 0.373523 -6.417545 0.220882 0.752810 -0.620071 88.963638 -0.303322 0.657270 0.689922 -9.084375 0.000000 0.000000 0.000000 1.000000
0.928671 0.034760 0.369272 -6.343304 0.218160 0.753976 -0.619617 88.985970 -0.299960 0.655981 0.692613 -9.291363 0.000000 0.000000 0.000000 1.000000
0.930485 0.033326 0.364810 -6.265877 0.215841 0.754763 -0.619472 89.043640 -0.295990 0.655150 0.695103 -9.514824 0.000000 0.000000 0.000000 1.000000
0.932192 0.031559 0.360586 -6.192345 0.214010 0.755365 -0.619374 89.121620 -0.291921 0.654544 0.697391 -9.745134 0.000000 0.000000 0.000000 1.000000
0.933626 0.030120 0.356981 -6.130250 0.212439 0.755810 -0.619371 89.211960 -0.288465 0.654098 0.699245 -9.973579 0.000000 0.000000 0.000000 1.000000
0.934721 0.029633 0.354145 -6.081326 0.210823 0.755995 -0.619698 89.318634 -0.286095 0.653907 0.700397 -10.196185 0.000000 0.000000 0.000000 1.000000
0.935568 0.030172 0.351854 -6.040194 0.208990 0.755838 -0.620510 89.441223 -0.284667 0.654064 0.700832 -10.410910 0.000000 0.000000 0.000000 1.000000
0.936363 0.031346 0.349631 -6.000337 0.206885 0.755363 -0.621792 89.574509 -0.283589 0.654556 0.700809 -10.618554 0.000000 0.000000 0.000000 1.000000
0.937266 0.032834 0.347066 -5.956999 0.204442 0.754625 -0.623493 89.713684 -0.282377 0.655334 0.700572 -10.821245 0.000000 0.000000 0.000000 1.000000
0.938298 0.034639 0.344090 -5.908512 0.201596 0.753646 -0.625601 89.859520 -0.280992 0.656367 0.700161 -11.021090 0.000000 0.000000 0.000000 1.000000
0.939414 0.036914 0.340792 -5.855547 0.198232 0.752579 -0.627956 90.015953 -0.279654 0.657466 0.699666 -11.222130 0.000000 0.000000 0.000000 1.000000
0.940636 0.039707 0.337086 -5.797590 0.194094 0.751800 -0.630178 90.185150 -0.278444 0.658195 0.699463 -11.430315 0.000000 0.000000 0.000000 1.000000
0.941991 0.042821 0.332895 -5.733076 0.189119 0.751674 -0.631838 90.363365 -0.277284 0.658143 0.699973 -11.647631 0.000000 0.000000 0.000000 1.000000
0.943350 0.045801 0.328623 -5.663221 0.183839 0.752354 -0.632588 90.539612 -0.276214 0.657165 0.701313 -11.868316 0.000000 0.000000 0.000000 1.000000
0.944481 0.048100 0.325026 -5.593020 0.179152 0.753849 -0.632152 90.698380 -0.275427 0.655284 0.703379 -12.084454 0.000000 0.000000 0.000000 1.000000
0.945264 0.049368 0.322551 -5.526195 0.175609 0.756169 -0.630373 90.827927 -0.275023 0.652512 0.706110 -12.292241 0.000000 0.000000 0.000000 1.000000
0.945759 0.049633 0.321054 -5.464469 0.173112 0.759268 -0.627331 90.930023 -0.274903 0.648883 0.709493 -12.493608 0.000000 0.000000 0.000000 1.000000
0.946059 0.049194 0.320237 -5.407591 0.171304 0.763001 -0.623285 91.014481 -0.275003 0.644522 0.713417 -12.690301 0.000000 0.000000 0.000000 1.000000
0.946140 0.048366 0.320123 -5.357657 0.170058 0.767145 -0.618521 91.086655 -0.275497 0.639647 0.717602 -12.875517 0.000000 0.000000 0.000000 1.000000
0.945910 0.047350 0.320956 -5.317581 0.169465 0.771489 -0.613259 91.146362 -0.276652 0.634479 0.721734 -13.036850 0.000000 0.000000 0.000000 1.000000
0.945327 0.046188 0.322836 -5.288505 0.169552 0.776008 -0.607506 91.193802 -0.278583 0.629030 0.725750 -13.169640 0.000000 0.000000 0.000000 1.000000
0.944455 0.044808 0.325572 -5.268249 0.170150 0.780882 -0.601059 91.235619 -0.281166 0.623069 0.729884 -13.286072 0.000000 0.000000 0.000000 1.000000
0.943418 0.043155 0.328786 -5.251962 0.170977 0.786239 -0.593797 91.283676 -0.284130 0.616414 0.734374 -13.404903 0.000000 0.000000 0.000000 1.000000
0.942348 0.041362 0.332070 -5.235264 0.171711 0.791962 -0.585927 91.344391 -0.287222 0.609167 0.739201 -13.531370 0.000000 0.000000 0.000000 1.000000
0.941367 0.039664 0.335044 -5.217361 0.171990 0.797924 -0.577700 91.416855 -0.290254 0.601452 0.744317 -13.651816 0.000000 0.000000 0.000000 1.000000
0.940596 0.038062 0.337387 -5.202044 0.171526 0.804298 -0.568931 91.504997 -0.293015 0.593005 0.749991 -13.747908 0.000000 0.000000 0.000000 1.000000
0.940104 0.036232 0.338957 -5.195183 0.170316 0.811413 -0.559107 91.621262 -0.295292 0.583349 0.756642 -13.811838 0.000000 0.000000 0.000000 1.000000
0.939850 0.033892 0.339902 -5.199737 0.168696 0.819199 -0.548138 91.773811 -0.297024 0.572508 0.764206 -13.848691 0.000000 0.000000 0.000000 1.000000
0.939699 0.031140 0.340582 -5.212037 0.167121 0.827043 -0.536722 91.952240 -0.298389 0.561275 0.771968 -13.869610 0.000000 0.000000 0.000000 1.000000
0.939478 0.028387 0.341430 -5.223287 0.165897 0.834246 -0.525843 92.132217 -0.299764 0.550661 0.779047 -13.884686 0.000000 0.000000 0.000000 1.000000
0.939035 0.026089 0.342829 -5.227271 0.165036 0.840532 -0.516012 92.291054 -0.301621 0.541133 0.784984 -13.898609 0.000000 0.000000 0.000000 1.000000
0.938350 0.024499 0.344818 -5.227965 0.164123 0.846323 -0.506756 92.424294 -0.304242 0.532107 0.790126 -13.909134 0.000000 0.000000 0.000000 1.000000
0.937604 0.023577 0.346905 -5.238140 0.162390 0.852511 -0.496844 92.549377 -0.307455 0.522177 0.795489 -13.908554 0.000000 0.000000 0.000000 1.000000
0.937062 0.023074 0.348401 -5.267564 0.159263 0.859725 -0.485292 92.688026 -0.310726 0.510236 0.801941 -13.889992 0.000000 0.000000 0.000000 1.000000
0.936856 0.022616 0.348984 -5.312313 0.154964 0.867742 -0.472238 92.844971 -0.313508 0.496499 0.809445 -13.853014 0.000000 0.000000 0.000000 1.000000
0.936936 0.021758 0.348822 -5.356719 0.150417 0.875795 -0.458648 93.007782 -0.315476 0.482192 0.817291 -13.803583 0.000000 0.000000 0.000000 1.000000
0.937202 0.020229 0.348200 -5.383801 0.146431 0.883254 -0.445444 93.163239 -0.316560 0.468458 0.824825 -13.749775 0.000000 0.000000 0.000000 1.000000
0.937560 0.018159 0.347350 -5.383534 0.143228 0.889884 -0.433120 93.306763 -0.316965 0.455826 0.831718 -13.699869 0.000000 0.000000 0.000000 1.000000
0.937826 0.015875 0.346742 -5.357508 0.140867 0.895583 -0.422004 93.438164 -0.317235 0.444611 0.837665 -13.663980 0.000000 0.000000 0.000000 1.000000
0.937754 0.013632 0.347033 -5.317721 0.139514 0.900276 -0.412358 93.555122 -0.318046 0.435106 0.842336 -13.651434 0.000000 0.000000 0.000000 1.000000
0.937274 0.011748 0.348395 -5.279207 0.138780 0.904239 -0.403846 93.659065 -0.319777 0.426864 0.845890 -13.662912 0.000000 0.000000 0.000000 1.000000
0.936632 0.010824 0.350148 -5.251500 0.137384 0.908104 -0.395566 93.759354 -0.322253 0.418604 0.849072 -13.688897 0.000000 0.000000 0.000000 1.000000
0.936198 0.011439 0.351286 -5.237548 0.134058 0.912292 -0.386978 93.861572 -0.324902 0.409380 0.852553 -13.717159 0.000000 0.000000 0.000000 1.000000
0.936196 0.013461 0.351221 -5.234642 0.128703 0.916734 -0.378198 93.964073 -0.327067 0.399271 0.856510 -13.740719 0.000000 0.000000 0.000000 1.000000
0.936664 0.015733 0.349876 -5.237126 0.122487 0.921189 -0.369335 94.065048 -0.328113 0.388798 0.860917 -13.759351 0.000000 0.000000 0.000000 1.000000
0.937621 0.016851 0.347252 -5.239624 0.116752 0.925557 -0.360157 94.168953 -0.327470 0.378233 0.865854 -13.775702 0.000000 0.000000 0.000000 1.000000
0.939086 0.016336 0.343295 -5.239882 0.111966 0.929834 -0.350531 94.287231 -0.324933 0.367616 0.871365 -13.792109 0.000000 0.000000 0.000000 1.000000
0.940920 0.014830 0.338305 -5.237481 0.107783 0.933967 -0.340717 94.429123 -0.321019 0.357050 0.877190 -13.807180 0.000000 0.000000 0.000000 1.000000
0.942774 0.013173 0.333173 -5.234585 0.103876 0.937890 -0.331018 94.598015 -0.316840 0.346684 0.882849 -13.817685 0.000000 0.000000 0.000000 1.000000
0.944263 0.011614 0.328987 -5.235607 0.100392 0.941611 -0.321387 94.787392 -0.313510 0.336501 0.887963 -13.817849 0.000000 0.000000 0.000000 1.000000
0.945173 0.009979 0.326417 -5.244014 0.097621 0.945196 -0.311567 94.985519 -0.311637 0.326350 0.892400 -13.799578 0.000000 0.000000 0.000000 1.000000
0.945528 0.008182 0.325437 -5.258452 0.095551 0.948677 -0.301467 95.176735 -0.311201 0.316141 0.896219 -13.754544 0.000000 0.000000 0.000000 1.000000
0.945550 0.006378 0.325415 -5.274189 0.093825 0.952024 -0.291285 95.350418 -0.311661 0.305957 0.899588 -13.680744 0.000000 0.000000 0.000000 1.000000
0.945500 0.004661 0.325590 -5.284433 0.092135 0.955207 -0.281229 95.505341 -0.312317 0.295900 0.902719 -13.583742 0.000000 0.000000 0.000000 1.000000
0.945482 0.002802 0.325664 -5.282681 0.090516 0.958304 -0.271036 95.649475 -0.312844 0.285737 0.905805 -13.473678 0.000000 0.000000 0.000000 1.000000
0.945417 0.000551 0.325862 -5.268322 0.089070 0.961481 -0.260041 95.793762 -0.313453 0.274872 0.908951 -13.358565 0.000000 0.000000 0.000000 1.000000
0.945206 -0.001854 0.326469 -5.251160 0.087564 0.964784 -0.248039 95.943817 -0.314512 0.263035 0.912083 -13.236235 0.000000 0.000000 0.000000 1.000000
0.944846 -0.003823 0.327494 -5.243254 0.085711 0.967970 -0.235984 96.098091 -0.316102 0.251038 0.914910 -13.095259 0.000000 0.000000 0.000000 1.000000
0.944438 -0.005152 0.328648 -5.244661 0.083724 0.970667 -0.225381 96.254608 -0.317846 0.240374 0.917166 -12.928677 0.000000 0.000000 0.000000 1.000000
0.944127 -0.006256 0.329521 -5.241852 0.082034 0.972814 -0.216570 96.417160 -0.319208 0.231502 0.918974 -12.740771 0.000000 0.000000 0.000000 1.000000
0.944004 -0.007563 0.329849 -5.222200 0.080406 0.974869 -0.207762 96.596024 -0.319988 0.222650 0.920888 -12.538012 0.000000 0.000000 0.000000 1.000000
0.944060 -0.009079 0.329647 -5.186105 0.078039 0.977379 -0.196573 96.799942 -0.320406 0.211302 0.923413 -12.320589 0.000000 0.000000 0.000000 1.000000
0.944174 -0.010666 0.329275 -5.143972 0.074790 0.980320 -0.182700 97.023087 -0.320846 0.197127 0.926390 -12.087780 0.000000 0.000000 0.000000 1.000000
0.944136 -0.012257 0.329328 -5.105840 0.071440 0.983158 -0.168215 97.249405 -0.321719 0.182345 0.929111 -11.848180 0.000000 0.000000 0.000000 1.000000
0.943809 -0.013677 0.330208 -5.073807 0.068613 0.985482 -0.155295 97.465492 -0.323290 0.169225 0.931046 -11.616115 0.000000 0.000000 0.000000 1.000000
0.943271 -0.014575 0.331704 -5.043329 0.066081 0.987291 -0.144535 97.664474 -0.325382 0.158255 0.932246 -11.395355 0.000000 0.000000 0.000000 1.000000
0.942783 -0.014777 0.333080 -5.008641 0.063323 0.988770 -0.135369 97.845543 -0.327339 0.148715 0.933131 -11.172718 0.000000 0.000000 0.000000 1.000000
0.942589 -0.014684 0.333631 -4.965017 0.060386 0.990059 -0.127031 98.015419 -0.328449 0.139885 0.934106 -10.932193 0.000000 0.000000 0.000000 1.000000
0.942689 -0.015106 0.333330 -4.910553 0.057929 0.991214 -0.118907 98.186691 -0.328605 0.131402 0.935282 -10.672064 0.000000 0.000000 0.000000 1.000000
0.942811 -0.016455 0.332923 -4.849589 0.056409 0.992252 -0.110702 98.367493 -0.328521 0.123151 0.936433 -10.401393 0.000000 0.000000 0.000000 1.000000
0.942688 -0.018342 0.333172 -4.790101 0.055532 0.993187 -0.102446 98.555099 -0.329023 0.115076 0.937284 -10.124711 0.000000 0.000000 0.000000 1.000000
0.942350 -0.020247 0.334016 -4.738086 0.054728 0.994053 -0.094148 98.741158 -0.330123 0.107001 0.937854 -9.837186 0.000000 0.000000 0.000000 1.000000
0.942101 -0.022061 0.334603 -4.694492 0.053781 0.994857 -0.085831 98.920662 -0.330988 0.098857 0.938442 -9.532508 0.000000 0.000000 0.000000 1.000000
0.942229 -0.023711 0.334128 -4.655169 0.052666 0.995572 -0.077865 99.096169 -0.330802 0.090963 0.939306 -9.211378 0.000000 0.000000 0.000000 1.000000
0.942800 -0.024857 0.332431 -4.614926 0.051199 0.996182 -0.070718 99.274742 -0.329403 0.083693 0.940473 -8.880259 0.000000 0.000000 0.000000 1.000000
0.943657 -0.025313 0.329956 -4.570538 0.049274 0.996703 -0.064459 99.461655 -0.327237 0.077086 0.941793 -8.543621 0.000000 0.000000 0.000000 1.000000
0.944537 -0.025393 0.327420 -4.519101 0.047199 0.997152 -0.058823 99.656769 -0.324994 0.071015 0.943046 -8.201941 0.000000 0.000000 0.000000 1.000000
0.945250 -0.025508 0.325348 -4.459135 0.045368 0.997531 -0.053601 99.858658 -0.323178 0.065427 0.944074 -7.856153 0.000000 0.000000 0.000000 1.000000
0.945813 -0.025773 0.323687 -4.395076 0.043891 0.997844 -0.048800 100.065971 -0.321731 0.060363 0.944905 -7.508630 0.000000 0.000000 0.000000 1.000000
0.946399 -0.026085 0.321946 -4.336550 0.042642 0.998100 -0.044483 100.273506 -0.320174 0.055827 0.945712 -7.160329 0.000000 0.000000 0.000000 1.000000
0.947153 -0.026203 0.319710 -4.290952 0.041302 0.998324 -0.040539 100.472084 -0.318112 0.051601 0.946648 -6.812536 0.000000 0.000000 0.000000 1.000000
0.948114 -0.025926 0.316871 -4.255623 0.039568 0.998543 -0.036693 100.651733 -0.315458 0.047327 0.947759 -6.470907 0.000000 0.000000 0.000000 1.000000
0.949263 -0.025439 0.313453 -4.218442 0.037559 0.998760 -0.032686 100.806923 -0.312233 0.042801 0.949041 -6.144754 0.000000 0.000000 0.000000 1.000000
0.950555 -0.025200 0.309533 -4.165330 0.035759 0.998954 -0.028486 100.940796 -0.308491 0.038146 0.950462 -5.842838 0.000000 0.000000 0.000000 1.000000
0.951876 -0.025555 0.305416 -4.087870 0.034609 0.999106 -0.024266 101.060707 -0.304523 0.033668 0.951910 -5.569490 0.000000 0.000000 0.000000 1.000000
0.953135 -0.026556 0.301378 -3.986278 0.034238 0.999209 -0.020235 101.171265 -0.300603 0.029605 0.953290 -5.322855 0.000000 0.000000 0.000000 1.000000
0.954462 -0.027886 0.297025 -3.864474 0.034348 0.999273 -0.016559 101.272453 -0.296348 0.026007 0.954726 -5.097193 0.000000 0.000000 0.000000 1.000000
0.956159 -0.029012 0.291409 -3.726904 0.034369 0.999321 -0.013279 101.364777 -0.290826 0.022712 0.956506 -4.885620 0.000000 0.000000 0.000000 1.000000
0.958406 -0.029542 0.283877 -3.577920 0.033873 0.999372 -0.010360 101.453293 -0.283392 0.019545 0.958805 -4.680986 0.000000 0.000000 0.000000 1.000000
0.961112 -0.029394 0.274589 -3.422799 0.032798 0.999431 -0.007812 101.544174 -0.274203 0.016514 0.961530 -4.474999 0.000000 0.000000 0.000000 1.000000
0.964004 -0.028715 0.264334 -3.268542 0.031301 0.999494 -0.005578 101.640732 -0.264040 0.013651 0.964415 -4.259957 0.000000 0.000000 0.000000 1.000000
0.966804 -0.027861 0.253996 -3.124463 0.029709 0.999553 -0.003441 101.741714 -0.253787 0.010873 0.967199 -4.033259 0.000000 0.000000 0.000000 1.000000
0.969396 -0.027255 0.243984 -2.999560 0.028419 0.999595 -0.001252 101.843636 -0.243851 0.008148 0.969778 -3.798833 0.000000 0.000000 0.000000 1.000000
0.971815 -0.027071 0.234184 -2.897979 0.027618 0.999618 0.000942 101.944511 -0.234120 0.005552 0.972192 -3.566055 0.000000 0.000000 0.000000 1.000000
0.974097 -0.027222 0.224485 -2.815078 0.027226 0.999625 0.003079 102.042137 -0.224485 0.003113 0.974473 -3.347209 0.000000 0.000000 0.000000 1.000000
0.976160 -0.027646 0.215284 -2.740524 0.027166 0.999617 0.005192 102.132019 -0.215345 0.000780 0.976538 -3.151751 0.000000 0.000000 0.000000 1.000000
0.977837 -0.028340 0.207440 -2.665954 0.027407 0.999597 0.007373 102.208107 -0.207565 -0.001524 0.978220 -2.980342 0.000000 0.000000 0.000000 1.000000
0.979055 -0.029130 0.201503 -2.588320 0.027766 0.999568 0.009593 102.268364 -0.201696 -0.003797 0.979441 -2.828011 0.000000 0.000000 0.000000 1.000000
0.979963 -0.029635 0.196965 -2.508743 0.027908 0.999544 0.011536 102.316612 -0.197217 -0.005808 0.980343 -2.693925 0.000000 0.000000 0.000000 1.000000
0.980857 -0.029443 0.192490 -2.430288 0.027503 0.999541 0.012742 102.359596 -0.192777 -0.007204 0.981216 -2.583376 0.000000 0.000000 0.000000 1.000000
0.981971 -0.028466 0.186877 -2.352589 0.026498 0.999564 0.013020 102.402718 -0.187166 -0.007833 0.982297 -2.499663 0.000000 0.000000 0.000000 1.000000
0.983325 -0.027274 0.179799 -2.267856 0.025388 0.999596 0.012783 102.448463 -0.180075 -0.008005 0.983620 -2.438801 0.000000 0.000000 0.000000 1.000000
0.984776 -0.026798 0.171749 -2.166859 0.024977 0.999607 0.012752 102.496880 -0.172023 -0.008268 0.985058 -2.393060 0.000000 0.000000 0.000000 1.000000
0.986168 -0.027383 0.163471 -2.048300 0.025549 0.999585 0.013310 102.543892 -0.163768 -0.008949 0.986458 -2.356752 0.000000 0.000000 0.000000 1.000000
0.987434 -0.028337 0.155467 -1.920511 0.026440 0.999549 0.014256 102.584969 -0.155801 -0.009967 0.987738 -2.328092 0.000000 0.000000 0.000000 1.000000
0.988583 -0.028734 0.147910 -1.794604 0.026784 0.999526 0.015164 102.615921 -0.148275 -0.011029 0.988885 -2.306680 0.000000 0.000000 0.000000 1.000000
0.989625 -0.028482 0.140820 -1.677361 0.026501 0.999522 0.015925 102.635559 -0.141206 -0.012028 0.989907 -2.292125 0.000000 0.000000 0.000000 1.000000
0.990550 -0.028293 0.134203 -1.570828 0.026275 0.999514 0.016785 102.647217 -0.134613 -0.013101 0.990812 -2.283601 0.000000 0.000000 0.000000 1.000000
0.991344 -0.028781 0.128100 -1.476103 0.026701 0.999483 0.017924 102.654724 -0.128549 -0.014348 0.991599 -2.279262 0.000000 0.000000 0.000000 1.000000
0.991997 -0.029901 0.122668 -1.394994 0.027748 0.999430 0.019224 102.660172 -0.123173 -0.015666 0.992262 -2.277752 0.000000 0.000000 0.000000 1.000000
0.992496 -0.031112 0.118249 -1.328902 0.028890 0.999373 0.020459 102.664360 -0.118812 -0.016889 0.992773 -2.279521 0.000000 0.000000 0.000000 1.000000
0.992831 -0.031883 0.115198 -1.277074 0.029589 0.999329 0.021570 102.668999 -0.115809 -0.018007 0.993108 -2.285262 0.000000 0.000000 0.000000 1.000000
0.993020 -0.032118 0.113493 -1.236245 0.029731 0.999301 0.022660 102.676254 -0.114141 -0.019127 0.993280 -2.294097 0.000000 0.000000 0.000000 1.000000
0.993134 -0.032142 0.112478 -1.202498 0.029656 0.999279 0.023709 102.687454 -0.113159 -0.020211 0.993371 -2.304314 0.000000 0.000000 0.000000 1.000000
0.993279 -0.032285 0.111149 -1.173679 0.029740 0.999258 0.024474 102.702614 -0.111857 -0.021004 0.993502 -2.314450 0.000000 0.000000 0.000000 1.000000
0.993527 -0.032535 0.108834 -1.147920 0.030006 0.999242 0.024791 102.720963 -0.109558 -0.021365 0.993751 -2.322859 0.000000 0.000000 0.000000 1.000000
0.993880 -0.032557 0.105563 -1.120096 0.030081 0.999236 0.024956 102.741913 -0.106295 -0.021628 0.994099 -2.327874 0.000000 0.000000 0.000000 1.000000
0.994308 -0.031998 0.101622 -1.084609 0.029550 0.999238 0.025504 102.765640 -0.102361 -0.022356 0.994496 -2.328781 0.000000 0.000000 0.000000 1.000000
0.994821 -0.030857 0.096846 -1.041636 0.028416 0.999245 0.026484 102.790955 -0.097590 -0.023595 0.994947 -2.326759 0.000000 0.000000 0.000000 1.000000
0.995439 -0.029556 0.090705 -0.998983 0.027188 0.999259 0.027229 102.814896 -0.091443 -0.024639 0.995505 -2.325009 0.000000 0.000000 0.000000 1.000000
0.996130 -0.028604 0.083112 -0.965645 0.026444 0.999287 0.026966 102.835037 -0.083825 -0.024664 0.996175 -2.327229 0.000000 0.000000 0.000000 1.000000
0.996797 -0.028166 0.074849 -0.943688 0.026309 0.999324 0.025685 102.851761 -0.075522 -0.023634 0.996864 -2.333721 0.000000 0.000000 0.000000 1.000000
0.997358 -0.027920 0.067065 -0.928087 0.026343 0.999358 0.024279 102.867744 -0.067700 -0.022448 0.997453 -2.339081 0.000000 0.000000 0.000000 1.000000
0.997796 -0.027464 0.060399 -0.913238 0.026073 0.999379 0.023688 102.884514 -0.061012 -0.022061 0.997893 -2.337013 0.000000 0.000000 0.000000 1.000000
0.998145 -0.026860 0.054632 -0.898426 0.025579 0.999384 0.024022 102.898048 -0.055244 -0.022580 0.998218 -2.328802 0.000000 0.000000 0.000000 1.000000
0.998440 -0.026588 0.049096 -0.886557 0.025402 0.999374 0.024629 102.902557 -0.049720 -0.023344 0.998490 -2.325580 0.000000 0.000000 0.000000 1.000000
0.998699 -0.026983 0.043271 -0.878455 0.025922 0.999354 0.024903 102.895187 -0.043915 -0.023749 0.998753 -2.339221 0.000000 0.000000 0.000000 1.000000
0.998927 -0.027778 0.037051 -0.871392 0.026870 0.999331 0.024794 102.878510 -0.037715 -0.023772 0.999006 -2.371308 0.000000 0.000000 0.000000 1.000000
0.999128 -0.028299 0.030715 -0.862789 0.027550 0.999320 0.024521 102.857811 -0.031388 -0.023653 0.999227 -2.413259 0.000000 0.000000 0.000000 1.000000
0.999296 -0.028152 0.024793 -0.852427 0.027554 0.999329 0.024134 102.837006 -0.025456 -0.023434 0.999401 -2.454734 0.000000 0.000000 0.000000 1.000000
0.999421 -0.027682 0.019803 -0.840521 0.027214 0.999352 0.023539 102.817482 -0.020442 -0.022987 0.999527 -2.488417 0.000000 0.000000 0.000000 1.000000
0.999492 -0.027595 0.015945 -0.827840 0.027228 0.999370 0.022777 102.800209 -0.016563 -0.022331 0.999613 -2.509713 0.000000 0.000000 0.000000 1.000000
0.999520 -0.028125 0.012960 -0.819795 0.027835 0.999369 0.022072 102.787720 -0.013572 -0.021700 0.999672 -2.516316 0.000000 0.000000 0.000000 1.000000
0.999530 -0.028856 0.010342 -0.826522 0.028627 0.999357 0.021606 102.782021 -0.010959 -0.021299 0.999713 -2.508830 0.000000 0.000000 0.000000 1.000000
0.999538 -0.029378 0.007739 -0.855531 0.029207 0.999344 0.021395 102.781952 -0.008362 -0.021159 0.999741 -2.488993 0.000000 0.000000 0.000000 1.000000
0.999542 -0.029811 0.005210 -0.905661 0.029693 0.999330 0.021382 102.785599 -0.005844 -0.021217 0.999758 -2.456679 0.000000 0.000000 0.000000 1.000000
0.999532 -0.030431 0.003144 -0.970526 0.030356 0.999307 0.021537 102.792236 -0.003797 -0.021432 0.999763 -2.411143 0.000000 0.000000 0.000000 1.000000
0.999517 -0.031023 0.001878 -1.045171 0.030975 0.999282 0.021813 102.802498 -0.002553 -0.021744 0.999760 -2.355098 0.000000 0.000000 0.000000 1.000000
0.999518 -0.031030 0.001246 -1.126095 0.030995 0.999276 0.022078 102.815857 -0.001930 -0.022029 0.999755 -2.295738 0.000000 0.000000 0.000000 1.000000
0.999539 -0.030365 0.000419 -1.208225 0.030348 0.999295 0.022094 102.829437 -0.001090 -0.022071 0.999756 -2.241471 0.000000 0.000000 0.000000 1.000000
0.999559 -0.029644 -0.001548 -1.285933 0.029671 0.999326 0.021628 102.840332 0.000906 -0.021665 0.999765 -2.196204 0.000000 0.000000 0.000000 1.000000
0.999553 -0.029500 -0.004867 -1.357435 0.029595 0.999348 0.020663 102.849960 0.004254 -0.020798 0.999775 -2.154515 0.000000 0.000000 0.000000 1.000000
0.999516 -0.029863 -0.008696 -1.427235 0.030028 0.999359 0.019499 102.865105 0.008109 -0.019750 0.999772 -2.102827 0.000000 0.000000 0.000000 1.000000
0.999479 -0.030093 -0.011662 -1.502777 0.030308 0.999365 0.018714 102.891327 0.011091 -0.019058 0.999757 -2.028538 0.000000 0.000000 0.000000 1.000000
0.999477 -0.029702 -0.012769 -1.589329 0.029940 0.999373 0.018910 102.925659 0.012199 -0.019282 0.999740 -1.928460 0.000000 0.000000 0.000000 1.000000
0.999514 -0.028758 -0.012055 -1.689496 0.028997 0.999376 0.020151 102.956856 0.011468 -0.020491 0.999724 -1.806897 0.000000 0.000000 0.000000 1.000000
0.999563 -0.027613 -0.010510 -1.805417 0.027836 0.999377 0.021684 102.975616 0.009904 -0.021967 0.999710 -1.667665 0.000000 0.000000 0.000000 1.000000
0.999607 -0.026406 -0.009360 -1.936057 0.026611 0.999392 0.022515 102.984108 0.008760 -0.022755 0.999703 -1.512170 0.000000 0.000000 0.000000 1.000000
0.999644 -0.025019 -0.009290 -2.073362 0.025222 0.999431 0.022413 102.994507 0.008724 -0.022639 0.999706 -1.343060 0.000000 0.000000 0.000000 1.000000
0.999673 -0.023436 -0.010204 -2.208187 0.023657 0.999475 0.022116 103.017593 0.009680 -0.022350 0.999703 -1.164000 0.000000 0.000000 0.000000 1.000000
0.999692 -0.021945 -0.011600 -2.339054 0.022202 0.999501 0.022468 103.053131 0.011101 -0.022718 0.999680 -0.976606 0.000000 0.000000 0.000000 1.000000
0.999697 -0.020962 -0.012933 -2.469873 0.021263 0.999496 0.023581 103.092438 0.012432 -0.023849 0.999638 -0.781871 0.000000 0.000000 0.000000 1.000000
0.999695 -0.020615 -0.013626 -2.600506 0.020950 0.999471 0.024888 103.128036 0.013106 -0.025166 0.999597 -0.584286 0.000000 0.000000 0.000000 1.000000
0.999702 -0.020589 -0.013121 -2.726676 0.020921 0.999450 0.025725 103.159645 0.012584 -0.025992 0.999583 -0.391069 0.000000 0.000000 0.000000 1.000000
0.999726 -0.020522 -0.011246 -2.846266 0.020808 0.999449 0.025876 103.191971 0.010708 -0.026103 0.999602 -0.204881 0.000000 0.000000 0.000000 1.000000
0.999754 -0.020523 -0.008441 -2.959369 0.020734 0.999452 0.025786 103.229088 0.007907 -0.025954 0.999632 -0.018860 0.000000 0.000000 0.000000 1.000000
0.999764 -0.021021 -0.005486 -3.064733 0.021157 0.999436 0.026088 103.270531 0.004935 -0.026198 0.999645 0.177109 0.000000 0.000000 0.000000 1.000000
0.999752 -0.022059 -0.003012 -3.159550 0.022132 0.999396 0.026808 103.311951 0.002419 -0.026868 0.999636 0.383764 0.000000 0.000000 0.000000 1.000000
0.999736 -0.022964 -0.001157 -3.240700 0.022987 0.999364 0.027271 103.348038 0.000530 -0.027290 0.999627 0.588247 0.000000 0.000000 0.000000 1.000000
0.999738 -0.022878 0.000511 -3.306270 0.022856 0.999380 0.026771 103.376282 -0.001123 -0.026753 0.999641 0.773760 0.000000 0.000000 0.000000 1.000000
0.999762 -0.021642 0.002781 -3.361101 0.021565 0.999448 0.025256 103.397781 -0.003326 -0.025190 0.999677 0.931682 0.000000 0.000000 0.000000 1.000000
0.999779 -0.020053 0.006271 -3.417950 0.019901 0.999527 0.023432 103.414352 -0.006738 -0.023302 0.999706 1.064854 0.000000 0.000000 0.000000 1.000000
0.999759 -0.019063 0.010853 -3.488536 0.018819 0.999577 0.022172 103.429153 -0.011271 -0.021963 0.999695 1.183466 0.000000 0.000000 0.000000 1.000000
0.999699 -0.018834 0.015720 -3.574107 0.018490 0.999593 0.021743 103.444176 -0.016123 -0.021446 0.999640 1.299439 0.000000 0.000000 0.000000 1.000000
0.999623 -0.018850 0.019955 -3.664360 0.018418 0.999597 0.021583 103.459412 -0.020354 -0.021208 0.999568 1.421474 0.000000 0.000000 0.000000 1.000000
0.999559 -0.018796 0.023002 -3.744678 0.018313 0.999612 0.020993 103.471870 -0.023387 -0.020563 0.999515 1.551095 0.000000 0.000000 0.000000 1.000000
0.999512 -0.018806 0.024924 -3.807300 0.018309 0.999633 0.019986 103.479858 -0.025291 -0.019520 0.999490 1.682680 0.000000 0.000000 0.000000 1.000000
0.999473 -0.018924 0.026383 -3.853865 0.018417 0.999643 0.019335 103.486275 -0.026739 -0.018839 0.999465 1.809261 0.000000 0.000000 0.000000 1.000000
0.999427 -0.018883 0.028105 -3.888417 0.018330 0.999636 0.019807 103.495941 -0.028469 -0.019280 0.999409 1.927454 0.000000 0.000000 0.000000 1.000000
0.999370 -0.018475 0.030298 -3.913501 0.017830 0.999612 0.021416 103.508522 -0.030682 -0.020862 0.999311 2.036636 0.000000 0.000000 0.000000 1.000000
0.999307 -0.017829 0.032687 -3.931797 0.017067 0.999580 0.023435 103.520401 -0.033091 -0.022860 0.999191 2.135969 0.000000 0.000000 0.000000 1.000000
0.999237 -0.017234 0.035051 -3.946948 0.016360 0.999552 0.025070 103.527504 -0.035468 -0.024477 0.999071 2.223606 0.000000 0.000000 0.000000 1.000000
0.999155 -0.016790 0.037515 -3.961434 0.015819 0.999536 0.026024 103.529701 -0.037935 -0.025408 0.998957 2.297915 0.000000 0.000000 0.000000 1.000000
