<?xml version="1.0" encoding="utf-8"?>
<COLLADA xmlns="http://www.collada.org/2005/11/COLLADASchema" version="1.4.1">
  <asset><contributor><author>Mixamo</author><authoring_tool>COLLADA Mixamo exporter</authoring_tool><comments></comments></contributor><created>2018-10-29T16:12:31Z</created><modified>2018-10-29T16:12:31Z</modified><revision></revision><title></title><unit meter="0.010000"/><up_axis>Y_UP</up_axis></asset>
  <library_animations>
    <animation id="mixamorig_Hips-anim" name="mixamorig_Hips"><source id="mixamorig_Hips-Matrix-animation-input"><float_array id="mixamorig_Hips-Matrix-animation-input-array" count="27">

0.000000 0.033333 0.066667 0.100000 0.133333 0.166667 0.200000 0.233333 0.266667 0.300000 0.333333 0.366667 0.400000 0.433333 0.466667 0.500000
0.533333 0.566667 0.600000 0.633333 0.666667 0.700000 0.733333 0.766667 0.800000 0.833333 0.866667</float_array><technique_common><accessor source="#mixamorig_Hips-Matrix-animation-input-array" count="27"><param name="TIME" type="float"/></accessor></technique_common></source><source id="mixamorig_Hips-Matrix-animation-output-transform"><float_array id="mixamorig_Hips-Matrix-animation-output-transform-array" count="432">

0.875970 -0.041867 -0.480546 -0.124508 -0.024924 0.990967 -0.131771 91.390503 0.481722 0.127404 0.867014 0.034802 0.000000 0.000000 0.000000 1.000000
0.886400 -0.039038 -0.461271 -0.116327 -0.028425 0.989968 -0.138406 91.112137 0.462046 0.135795 0.876398 -0.177894 0.000000 0.000000 0.000000 1.000000
0.910117 -0.033334 -0.413007 -0.135311 -0.029634 0.988970 -0.145122 90.847107 0.413289 0.144317 0.899091 -0.199999 0.000000 0.000000 0.000000 1.000000
0.954536 -0.021211 -0.297341 -0.277497 -0.025268 0.988118 -0.151605 90.666672 0.297024 0.152226 0.942658 0.198408 0.000000 0.000000 0.000000 1.000000
0.994141 -0.003079 -0.108048 -0.541803 -0.013803 0.987795 -0.155145 90.616203 0.107207 0.155728 0.981965 0.976044 0.000000 0.000000 0.000000 1.000000
0.995687 0.015689 0.091437 -0.667373 -0.001499 0.988189 -0.153233 90.557350 -0.092761 0.152435 0.983951 1.752789 0.000000 0.000000 0.000000 1.000000
0.964589 0.028394 0.262223 -0.609557 0.010599 0.989213 -0.146102 90.327568 -0.263543 0.143708 0.953883 2.276024 0.000000 0.000000 0.000000 1.000000
0.926454 0.031064 0.375124 -0.465058 0.021713 0.990519 -0.135650 89.983475 -0.375781 0.133818 0.916996 2.461756 0.000000 0.000000 0.000000 1.000000
0.904022 0.024997 0.426755 -0.353126 0.031281 0.991745 -0.124355 89.742088 -0.426340 0.125769 0.895777 2.416844 0.000000 0.000000 0.000000 1.000000
0.899577 0.015176 0.436498 -0.299894 0.038769 0.992677 -0.114411 89.705788 -0.435038 0.119845 0.892401 2.304554 0.000000 0.000000 0.000000 1.000000
0.902122 0.007015 0.431424 -0.300803 0.043322 0.993343 -0.106739 89.776810 -0.429300 0.114981 0.895813 2.251106 0.000000 0.000000 0.000000 1.000000
0.903285 0.004099 0.429022 -0.341379 0.043747 0.993863 -0.101603 89.852531 -0.426806 0.110545 0.897561 2.340170 0.000000 0.000000 0.000000 1.000000
0.903664 0.007041 0.428185 -0.367897 0.039556 0.994218 -0.099829 89.928726 -0.426412 0.107149 0.898160 2.596508 0.000000 0.000000 0.000000 1.000000
0.909371 0.013264 0.415776 -0.299009 0.032024 0.994293 -0.101762 90.036667 -0.414753 0.105854 0.903756 2.938162 0.000000 0.000000 0.000000 1.000000
0.924685 0.018456 0.380285 -0.078641 0.023766 0.994079 -0.106032 90.190765 -0.379990 0.107084 0.918771 3.221923 0.000000 0.000000 0.000000 1.000000
0.947391 0.019244 0.319499 0.278643 0.017196 0.993689 -0.110842 90.403671 -0.319615 0.110505 0.941082 3.367868 0.000000 0.000000 0.000000 1.000000
0.970887 0.015417 0.239041 0.682621 0.012707 0.993207 -0.115666 90.697166 -0.239200 0.115336 0.964096 3.403853 0.000000 0.000000 0.000000 1.000000
0.989046 0.010178 0.147259 1.020436 0.007764 0.992653 -0.120751 91.086533 -0.147406 0.120571 0.981700 3.402580 0.000000 0.000000 0.000000 1.000000
0.998605 0.006585 0.052383 1.209145 0.000039 0.992097 -0.125475 91.546524 -0.052795 0.125302 0.990713 3.409078 0.000000 0.000000 0.000000 1.000000
0.999262 0.003154 -0.038290 1.199286 -0.008031 0.991754 -0.127908 91.930588 0.037570 0.128121 0.991047 3.395288 0.000000 0.000000 0.000000 1.000000
0.992746 -0.003496 -0.120179 1.026768 -0.011788 0.991931 -0.126229 92.125374 0.119650 0.126730 0.984694 3.290444 0.000000 0.000000 0.000000 1.000000
0.980702 -0.014516 -0.194967 0.753572 -0.009378 0.992599 -0.121076 92.077019 0.195282 0.120567 0.973308 2.989364 0.000000 0.000000 0.000000 1.000000
0.962328 -0.023733 -0.270852 0.492975 -0.008220 0.993188 -0.116231 92.032120 0.271765 0.114079 0.955578 2.523897 0.000000 0.000000 0.000000 1.000000
0.934288 -0.031649 -0.355111 0.228838 -0.010263 0.993252 -0.115525 91.970490 0.356371 0.111578 0.927658 1.822829 0.000000 0.000000 0.000000 1.000000
0.895037 -0.039715 -0.444219 -0.040661 -0.015132 0.992750 -0.119244 91.881943 0.445734 0.113450 0.887947 0.948332 0.000000 0.000000 0.000000 1.000000
0.880454 -0.041828 -0.472282 -0.114282 -0.020081 0.991917 -0.125286 91.656250 0.473706 0.119792 0.872498 0.431733 0.000000 0.000000 0.000000 1.000000
0.875970 -0.041867 -0.480546 -0.124508 -0.024925 0.990967 -0.131771 91.390503 0.481721 0.127405 0.867014 0.034808 0.000000 0.000000 0.000000 1.000000</float_array><technique_common><accessor source="#mixamorig_Hips-Matrix-animation-output-transform-array" count="27" stride="16"><param type="float4x4"/></accessor></technique_common></source><source id="mixamorig_Hips-Interpolations"><Name_array id="mixamorig_Hips-Interpolations-array" count="27">
 LINEAR LINEAR LINEAR LINEAR LINEAR LINEAR LINEAR LINEAR LINEAR LINEAR LINEAR
LINEAR LINEAR LINEAR LINEAR LINEAR LINEAR LINEAR LINEAR LINEAR LINEAR LINEAR LINEAR
LINEAR LINEAR LINEAR LINEAR</Name_array><technique_common><accessor source="#mixamorig_Hips-Interpolations-array" count="27"><param type="name"/></accessor></technique_common></source><sampler id="mixamorig_Hips-Matrix-animation-transform"><input semantic="INPUT" source="#mixamorig_Hips-Matrix-animation-input"/><input semantic="OUTPUT" source="#mixamorig_Hips-Matrix-animation-output-transform"/><input semantic="INTERPOLATION" source="#mixamorig_Hips-Interpolations"/></sampler><channel source="#mixamorig_Hips-Matrix-animation-transform" target="mixamorig_Hips/matrix"/></animation>
    <animation id="mixamorig_Spine-anim" name="mixamorig_Spine"><source id="mixamorig_Spine-Matrix-animation-input"><float_array id="mixamorig_Spine-Matrix-animation-input-array" count="27">

0.000000 0.033333 0.066667 0.100000 0.133333 0.166667 0.200000 0.233333 0.266667 0.300000 0.333333 0.366667 0.400000 0.433333 0.466667 0.500000
0.533333 0.566667 0.600000 0.633333 0.666667 0.700000 0.733333 0.766667 0.800000 0.833333 0.866667</float_array><technique_common><accessor source="#mixamorig_Spine-Matrix-animation-input-array" count="27"><param name="TIME" type="float"/></accessor></technique_common></source><source id="mixamorig_Spine-Matrix-animation-output-transform"><float_array id="mixamorig_Spine-Matrix-animation-output-transform-array" count="432">

0.999866 0.012902 -0.010070 -0.038100 -0.013179 0.999521 -0.028014 9.490500 0.009704 0.028143 0.999557 -1.392100 0.000000 0.000000 0.000000 1.000000
0.999838 0.010522 -0.014634 -0.038100 -0.010945 0.999516 -0.029104 9.490500 0.014320 0.029260 0.999469 -1.392100 0.000000 0.000000 0.000000 1.000000
0.999817 0.005171 -0.018401 -0.038100 -0.005725 0.999529 -0.030147 9.490500 0.018236 0.030246 0.999376 -1.392100 0.000000 0.000000 0.000000 1.000000
0.999767 -0.006901 -0.020439 -0.038100 0.006286 0.999531 -0.029978 9.490500 0.020636 0.029842 0.999342 -1.392100 0.000000 0.000000 0.000000 1.000000
0.999513 -0.025595 -0.017841 -0.038100 0.025104 0.999313 -0.027248 9.490500 0.018526 0.026787 0.999469 -1.392100 0.000000 0.000000 0.000000 1.000000
0.998971 -0.044081 -0.010629 -0.038100 0.043823 0.998766 -0.023374 9.490500 0.011646 0.022884 0.999670 -1.392100 0.000000 0.000000 0.000000 1.000000
0.998389 -0.056743 -0.000248 -0.038100 0.056727 0.998196 -0.019681 9.490500 0.001364 0.019635 0.999806 -1.392100 0.000000 0.000000 0.000000 1.000000
0.998017 -0.061874 0.011536 -0.038100 0.062068 0.997923 -0.017232 9.490500 -0.010446 0.017914 0.999785 -1.392100 0.000000 0.000000 0.000000 1.000000
0.997822 -0.061992 0.022561 -0.038100 0.062368 0.997919 -0.016367 9.490500 -0.021499 0.017738 0.999611 -1.392100 0.000000 0.000000 0.000000 1.000000
0.997680 -0.060548 0.031114 -0.038100 0.061093 0.997990 -0.016868 9.490500 -0.030030 0.018729 0.999374 -1.392100 0.000000 0.000000 0.000000 1.000000
0.997600 -0.058794 0.036567 -0.038100 0.059495 0.998060 -0.018374 9.490500 -0.035416 0.020505 0.999162 -1.392100 0.000000 0.000000 0.000000 1.000000
0.997652 -0.056525 0.038683 -0.038100 0.057339 0.998149 -0.020260 9.490500 -0.037467 0.022431 0.999046 -1.392100 0.000000 0.000000 0.000000 1.000000
0.997856 -0.053731 0.037375 -0.038100 0.054564 0.998276 -0.021650 9.490500 -0.036148 0.023643 0.999067 -1.392100 0.000000 0.000000 0.000000 1.000000
0.998148 -0.050899 0.033317 -0.038100 0.051650 0.998421 -0.022084 9.490500 -0.032141 0.023764 0.999201 -1.392100 0.000000 0.000000 0.000000 1.000000
0.998442 -0.048108 0.028267 -0.038100 0.048739 0.998567 -0.022085 9.490500 -0.027164 0.023429 0.999356 -1.392100 0.000000 0.000000 0.000000 1.000000
0.998723 -0.044455 0.023993 -0.038100 0.045000 0.998730 -0.022657 9.490500 -0.022955 0.023707 0.999455 -1.392100 0.000000 0.000000 0.000000 1.000000
0.999013 -0.039162 0.020972 -0.038100 0.039664 0.998922 -0.024121 9.490500 -0.020005 0.024929 0.999489 -1.392100 0.000000 0.000000 0.000000 1.000000
0.999268 -0.033503 0.018479 -0.038100 0.033972 0.999093 -0.025678 9.490500 -0.017602 0.026287 0.999499 -1.392100 0.000000 0.000000 0.000000 1.000000
0.999447 -0.029382 0.015561 -0.038100 0.029785 0.999209 -0.026340 9.490500 -0.014775 0.026788 0.999532 -1.392100 0.000000 0.000000 0.000000 1.000000
0.999599 -0.025617 0.012029 -0.038100 0.025923 0.999326 -0.025980 9.490500 -0.011355 0.026282 0.999590 -1.392100 0.000000 0.000000 0.000000 1.000000
0.999768 -0.019795 0.008514 -0.038100 0.020004 0.999483 -0.025174 9.490500 -0.008011 0.025338 0.999647 -1.392100 0.000000 0.000000 0.000000 1.000000
0.999929 -0.010297 0.005940 -0.038100 0.010440 0.999641 -0.024663 9.490500 -0.005684 0.024723 0.999678 -1.392100 0.000000 0.000000 0.000000 1.000000
0.999988 -0.002233 0.004428 -0.038100 0.002342 0.999691 -0.024739 9.490500 -0.004372 0.024749 0.999684 -1.392100 0.000000 0.000000 0.000000 1.000000
0.999986 0.004616 0.002593 -0.038100 -0.004548 0.999669 -0.025335 9.490500 -0.002709 0.025323 0.999676 -1.392100 0.000000 0.000000 0.000000 1.000000
0.999939 0.011050 -0.000323 -0.038100 -0.011055 0.999595 -0.026236 9.490500 0.000033 0.026238 0.999656 -1.392100 0.000000 0.000000 0.000000 1.000000
0.999906 0.012706 -0.005112 -0.038100 -0.012841 0.999550 -0.027117 9.490500 0.004765 0.027180 0.999619 -1.392100 0.000000 0.000000 0.000000 1.000000
0.999866 0.012901 -0.010070 -0.038100 -0.013179 0.999521 -0.028014 9.490500 0.009704 0.028143 0.999557 -1.392100 0.000000 0.000000 0.000000 1.000000</float_array><technique_common><accessor source="#mixamorig_Spine-Matrix-animation-output-transform-array" count="27" stride="16"><param type="float4x4"/></accessor></technique_common></source><source id="mixamorig_Spine-Interpolations"><Name_array id="mixamorig_Spine-Interpolations-array" count="27">
 LINEAR LINEAR LINEAR LINEAR LINEAR LINEAR LINEAR LINEAR LINEAR LINEAR LINEAR
LINEAR LINEAR LINEAR LINEAR LINEAR LINEAR LINEAR LINEAR LINEAR LINEAR LINEAR LINEAR
LINEAR LINEAR LINEAR LINEAR</Name_array><technique_common><accessor source="#mixamorig_Spine-Interpolations-array" count="27"><param type="name"/></accessor></technique_common></source><sampler id="mixamorig_Spine-Matrix-animation-transform"><input semantic="INPUT" source="#mixamorig_Spine-Matrix-animation-input"/><input semantic="OUTPUT" source="#mixamorig_Spine-Matrix-animation-output-transform"/><input semantic="INTERPOLATION" source="#mixamorig_Spine-Interpolations"/></sampler><channel source="#mixamorig_Spine-Matrix-animation-transform" target="mixamorig_Spine/matrix"/></animation>
    <animation id="mixamorig_Spine1-anim" name="mixamorig_Spine1"><source id="mixamorig_Spine1-Matrix-animation-input"><float_array id="mixamorig_Spine1-Matrix-animation-input-array" count="27">

0.000000 0.033333 0.066667 0.100000 0.133333 0.166667 0.200000 0.233333 0.266667 0.300000 0.333333 0.366667 0.400000 0.433333 0.466667 0.500000
0.533333 0.566667 0.600000 0.633333 0.666667 0.700000 0.733333 0.766667 0.800000 0.833333 0.866667</float_array><technique_common><accessor source="#mixamorig_Spine1-Matrix-animation-input-array" count="27"><param name="TIME" type="float"/></accessor></technique_common></source><source id="mixamorig_Spine1-Matrix-animation-output-transform"><float_array id="mixamorig_Spine1-Matrix-animation-output-transform-array" count="432">

0.999900 -0.011643 -0.007976 -0.044200 0.011198 0.998493 -0.053728 11.072300 0.008590 0.053633 0.998524 -1.624100 0.000000 0.000000 0.000000 1.000000
0.999752 -0.014784 -0.016647 -0.044200 0.013827 0.998324 -0.056198 11.072300 0.017450 0.055953 0.998281 -1.624100 0.000000 0.000000 0.000000 1.000000
0.999533 -0.018568 -0.024259 -0.044200 0.017137 0.998175 -0.057908 11.072300 0.025290 0.057466 0.998027 -1.624100 0.000000 0.000000 0.000000 1.000000
0.999331 -0.023736 -0.027840 -0.044200 0.022117 0.998124 -0.057097 11.072300 0.029143 0.056443 0.997980 -1.624100 0.000000 0.000000 0.000000 1.000000
0.999243 -0.031059 -0.023446 -0.044200 0.029790 0.998166 -0.052695 11.072300 0.025040 0.051957 0.998335 -1.624100 0.000000 0.000000 0.000000 1.000000
0.999152 -0.039651 -0.011063 -0.044200 0.039090 0.998130 -0.047004 11.072300 0.012906 0.046532 0.998833 -1.624100 0.000000 0.000000 0.000000 1.000000
0.998832 -0.047637 0.008073 -0.044200 0.047937 0.997950 -0.042403 11.072300 -0.006037 0.042740 0.999068 -1.624100 0.000000 0.000000 0.000000 1.000000
0.998124 -0.052781 0.031017 -0.044200 0.054000 0.997744 -0.039884 11.072300 -0.028842 0.041484 0.998723 -1.624100 0.000000 0.000000 0.000000 1.000000
0.997067 -0.054584 0.053648 -0.044200 0.056728 0.997617 -0.039284 11.072300 -0.051376 0.042212 0.997787 -1.624100 0.000000 0.000000 0.000000 1.000000
0.995912 -0.054288 0.072188 -0.044200 0.057304 0.997540 -0.040382 11.072300 -0.069818 0.044353 0.996573 -1.624100 0.000000 0.000000 0.000000 1.000000
0.995031 -0.052860 0.084374 -0.044200 0.056646 0.997462 -0.043126 11.072300 -0.081880 0.047692 0.995500 -1.624100 0.000000 0.000000 0.000000 1.000000
0.994736 -0.050172 0.089352 -0.044200 0.054504 0.997420 -0.046719 11.072300 -0.086778 0.051343 0.994904 -1.624100 0.000000 0.000000 0.000000 1.000000
0.995119 -0.046015 0.087297 -0.044200 0.050467 0.997499 -0.049487 11.072300 -0.084801 0.053651 0.994952 -1.624100 0.000000 0.000000 0.000000 1.000000
0.995964 -0.041152 0.079767 -0.044200 0.045256 0.997706 -0.050341 11.072300 -0.077512 0.053748 0.995542 -1.624100 0.000000 0.000000 0.000000 1.000000
0.996878 -0.036708 0.069903 -0.044200 0.040255 0.997937 -0.050016 11.072300 -0.067923 0.052673 0.996299 -1.624100 0.000000 0.000000 0.000000 1.000000
0.997593 -0.032934 0.061025 -0.044200 0.036022 0.998088 -0.050225 11.072300 -0.059254 0.052302 0.996872 -1.624100 0.000000 0.000000 0.000000 1.000000
0.998090 -0.029215 0.054429 -0.044200 0.032031 0.998154 -0.051610 11.072300 -0.052820 0.053255 0.997183 -1.624100 0.000000 0.000000 0.000000 1.000000
0.998496 -0.025144 0.048709 -0.044200 0.027723 0.998209 -0.053018 11.072300 -0.047289 0.054289 0.997405 -1.624100 0.000000 0.000000 0.000000 1.000000
0.998918 -0.020802 0.041595 -0.044200 0.022995 0.998332 -0.052957 11.072300 -0.040424 0.053856 0.997730 -1.624100 0.000000 0.000000 0.000000 1.000000
0.999332 -0.016279 0.032722 -0.044200 0.017942 0.998527 -0.051210 11.072300 -0.031841 0.051763 0.998152 -1.624100 0.000000 0.000000 0.000000 1.000000
0.999631 -0.011934 0.024414 -0.044200 0.013116 0.998722 -0.048803 11.072300 -0.023800 0.049106 0.998510 -1.624100 0.000000 0.000000 0.000000 1.000000
0.999782 -0.008376 0.019102 -0.044200 0.009267 0.998849 -0.047069 11.072300 -0.018686 0.047235 0.998709 -1.624100 0.000000 0.000000 0.000000 1.000000
0.999847 -0.006299 0.016290 -0.044200 0.007053 0.998886 -0.046658 11.072300 -0.015978 0.046766 0.998778 -1.624100 0.000000 0.000000 0.000000 1.000000
0.999893 -0.006081 0.013281 -0.044200 0.006705 0.998854 -0.047383 11.072300 -0.012978 0.047467 0.998788 -1.624100 0.000000 0.000000 0.000000 1.000000
0.999940 -0.007008 0.008477 -0.044200 0.007413 0.998783 -0.048767 11.072300 -0.008125 0.048827 0.998774 -1.624100 0.000000 0.000000 0.000000 1.000000
0.999959 -0.009076 0.000775 -0.044200 0.009103 0.998655 -0.051043 11.072300 -0.000310 0.051048 0.998696 -1.624100 0.000000 0.000000 0.000000 1.000000
0.999900 -0.011643 -0.007976 -0.044200 0.011198 0.998493 -0.053728 11.072300 0.008590 0.053633 0.998524 -1.624100 0.000000 0.000000 0.000000 1.000000</float_array><technique_common><accessor source="#mixamorig_Spine1-Matrix-animation-output-transform-array" count="27" stride="16"><param type="float4x4"/></accessor></technique_common></source><source id="mixamorig_Spine1-Interpolations"><Name_array id="mixamorig_Spine1-Interpolations-array" count="27">
 LINEAR LINEAR LINEAR LINEAR LINEAR LINEAR LINEAR LINEAR LINEAR LINEAR LINEAR
LINEAR LINEAR LINEAR LINEAR LINEAR LINEAR LINEAR LINEAR LINEAR LINEAR LINEAR LINEAR
LINEAR LINEAR LINEAR LINEAR</Name_array><technique_common><accessor source="#mixamorig_Spine1-Interpolations-array" count="27"><param type="name"/></accessor></technique_common></source><sampler id="mixamorig_Spine1-Matrix-animation-transform"><input semantic="INPUT" source="#mixamorig_Spine1-Matrix-animation-input"/><input semantic="OUTPUT" source="#mixamorig_Spine1-Matrix-animation-output-transform"/><input semantic="INTERPOLATION" source="#mixamorig_Spine1-Interpolations"/></sampler><channel source="#mixamorig_Spine1-Matrix-animation-transform" target="mixamorig_Spine1/matrix"/></animation>
    <animation id="mixamorig_Spine2-anim" name="mixamorig_Spine2"><source id="mixamorig_Spine2-Matrix-animation-input"><float_array id="mixamorig_Spine2-Matrix-animation-input-array" count="27">

0.000000 0.033333 0.066667 0.100000 0.133333 0.166667 0.200000 0.233333 0.266667 0.300000 0.333333 0.366667 0.400000 0.433333 0.466667 0.500000
0.533333 0.566667 0.600000 0.633333 0.666667 0.700000 0.733333 0.766667 0.800000 0.833333 0.866667</float_array><technique_common><accessor source="#mixamorig_Spine2-Matrix-animation-input-array" count="27"><param name="TIME" type="float"/></accessor></technique_common></source><source id="mixamorig_Spine2-Matrix-animation-output-transform"><float_array id="mixamorig_Spine2-Matrix-animation-output-transform-array" count="432">

0.999896 -0.011812 -0.008320 -0.050500 0.011349 0.998495 -0.053650 12.654000 0.008941 0.053550 0.998525 -1.856100 0.000000 0.000000 0.000000 1.000000
0.999745 -0.014839 -0.017023 -0.050500 0.013862 0.998327 -0.056128 12.654000 0.017828 0.055878 0.998278 -1.856100 0.000000 0.000000 0.000000 1.000000
0.999526 -0.018488 -0.024597 -0.050500 0.017039 0.998177 -0.057892 12.654000 0.025622 0.057445 0.998020 -1.856100 0.000000 0.000000 0.000000 1.000000
0.999330 -0.023593 -0.027982 -0.050500 0.021965 0.998125 -0.057124 12.654000 0.029278 0.056471 0.997975 -1.856100 0.000000 0.000000 0.000000 1.000000
0.999249 -0.030962 -0.023298 -0.050500 0.029698 0.998164 -0.052783 12.654000 0.024890 0.052051 0.998334 -1.856100 0.000000 0.000000 0.000000 1.000000
0.999158 -0.039623 -0.010678 -0.050500 0.039079 0.998126 -0.047089 12.654000 0.012524 0.046632 0.998834 -1.856100 0.000000 0.000000 0.000000 1.000000
0.998829 -0.047604 0.008588 -0.050500 0.047927 0.997951 -0.042378 12.654000 -0.006553 0.042740 0.999065 -1.856100 0.000000 0.000000 0.000000 1.000000
0.998113 -0.052658 0.031578 -0.050500 0.053894 0.997759 -0.039648 12.654000 -0.029420 0.041275 0.998715 -1.856100 0.000000 0.000000 0.000000 1.000000
0.997049 -0.054330 0.054242 -0.050500 0.056474 0.997650 -0.038804 12.654000 -0.052006 0.041753 0.997774 -1.856100 0.000000 0.000000 0.000000 1.000000
0.995884 -0.053908 0.072863 -0.050500 0.056906 0.997589 -0.039711 12.654000 -0.070546 0.043694 0.996551 -1.856100 0.000000 0.000000 0.000000 1.000000
0.994988 -0.052391 0.085172 -0.050500 0.056152 0.997523 -0.042371 12.654000 -0.082741 0.046941 0.995465 -1.856100 0.000000 0.000000 0.000000 1.000000
0.994680 -0.049667 0.090246 -0.050500 0.053978 0.997484 -0.045968 12.654000 -0.087736 0.050594 0.994858 -1.856100 0.000000 0.000000 0.000000 1.000000
0.995063 -0.045529 0.088188 -0.050500 0.049965 0.997560 -0.048761 12.654000 -0.085753 0.052927 0.994910 -1.856100 0.000000 0.000000 0.000000 1.000000
0.995916 -0.040725 0.080576 -0.050500 0.044815 0.997762 -0.049618 12.654000 -0.078375 0.053026 0.995513 -1.856100 0.000000 0.000000 0.000000 1.000000
0.996840 -0.036361 0.070622 -0.050500 0.039895 0.997987 -0.049295 12.654000 -0.068687 0.051956 0.996284 -1.856100 0.000000 0.000000 0.000000 1.000000
0.997561 -0.032673 0.061686 -0.050500 0.035756 0.998131 -0.049555 12.654000 -0.059952 0.051639 0.996865 -1.856100 0.000000 0.000000 0.000000 1.000000
0.998062 -0.029044 0.055039 -0.050500 0.031862 0.998188 -0.051043 12.654000 -0.053457 0.052698 0.997179 -1.856100 0.000000 0.000000 0.000000 1.000000
0.998473 -0.025055 0.049241 -0.050500 0.027642 0.998234 -0.052572 12.654000 -0.047837 0.053853 0.997402 -1.856100 0.000000 0.000000 0.000000 1.000000
0.998901 -0.020775 0.042018 -0.050500 0.022978 0.998350 -0.052631 12.654000 -0.040856 0.053539 0.997730 -1.856100 0.000000 0.000000 0.000000 1.000000
0.999322 -0.016289 0.033029 -0.050500 0.017961 0.998537 -0.051001 12.654000 -0.032150 0.051559 0.998152 -1.856100 0.000000 0.000000 0.000000 1.000000
0.999625 -0.011957 0.024623 -0.050500 0.013146 0.998727 -0.048690 12.654000 -0.024010 0.048995 0.998510 -1.856100 0.000000 0.000000 0.000000 1.000000
0.999780 -0.008403 0.019228 -0.050500 0.009300 0.998851 -0.047016 12.654000 -0.018811 0.047185 0.998709 -1.856100 0.000000 0.000000 0.000000 1.000000
0.999847 -0.006346 0.016327 -0.050500 0.007101 0.998887 -0.046632 12.654000 -0.016013 0.046741 0.998779 -1.856100 0.000000 0.000000 0.000000 1.000000
0.999894 -0.006177 0.013219 -0.050500 0.006797 0.998855 -0.047358 12.654000 -0.012911 0.047442 0.998791 -1.856100 0.000000 0.000000 0.000000 1.000000
0.999940 -0.007178 0.008303 -0.050500 0.007574 0.998783 -0.048735 12.654000 -0.007943 0.048795 0.998777 -1.856100 0.000000 0.000000 0.000000 1.000000
0.999957 -0.009298 0.000508 -0.050500 0.009312 0.998656 -0.050986 12.654000 -0.000034 0.050989 0.998699 -1.856100 0.000000 0.000000 0.000000 1.000000
0.999896 -0.011812 -0.008320 -0.050500 0.011349 0.998495 -0.053650 12.654000 0.008941 0.053550 0.998525 -1.856100 0.000000 0.000000 0.000000 1.000000</float_array><technique_common><accessor source="#mixamorig_Spine2-Matrix-animation-output-transform-array" count="27" stride="16"><param type="float4x4"/></accessor></technique_common></source><source id="mixamorig_Spine2-Interpolations"><Name_array id="mixamorig_Spine2-Interpolations-array" count="27">
 LINEAR LINEAR LINEAR LINEAR LINEAR LINEAR LINEAR LINEAR LINEAR LINEAR LINEAR
LINEAR LINEAR LINEAR LINEAR LINEAR LINEAR LINEAR LINEAR LINEAR LINEAR LINEAR LINEAR
LINEAR LINEAR LINEAR LINEAR</Name_array><technique_common><accessor source="#mixamorig_Spine2-Interpolations-array" count="27"><param type="name"/></accessor></technique_common></source><sampler id="mixamorig_Spine2-Matrix-animation-transform"><input semantic="INPUT" source="#mixamorig_Spine2-Matrix-animation-input"/><input semantic="OUTPUT" source="#mixamorig_Spine2-Matrix-animation-output-transform"/><input semantic="INTERPOLATION" source="#mixamorig_Spine2-Interpolations"/></sampler><channel source="#mixamorig_Spine2-Matrix-animation-transform" target="mixamorig_Spine2/matrix"/></animation>
    <animation id="mixamorig_Neck-anim" name="mixamorig_Neck"><source id="mixamorig_Neck-Matrix-animation-input"><float_array id="mixamorig_Neck-Matrix-animation-input-array" count="27">

0.000000 0.033333 0.066667 0.100000 0.133333 0.166667 0.200000 0.233333 0.266667 0.300000 0.333333 0.366667 0.400000 0.433333 0.466667 0.500000
0.533333 0.566667 0.600000 0.633333 0.666667 0.700000 0.733333 0.766667 0.800000 0.833333 0.866667</float_array><technique_common><accessor source="#mixamorig_Neck-Matrix-animation-input-array" count="27"><param name="TIME" type="float"/></accessor></technique_common></source><source id="mixamorig_Neck-Matrix-animation-output-transform"><float_array id="mixamorig_Neck-Matrix-animation-output-transform-array" count="432">

0.991839 0.110151 0.064208 -0.056900 -0.099783 0.984107 -0.146891 14.235800 -0.079368 0.139286 0.987066 -2.088100 0.000000 0.000000 0.000000 1.000000
0.992287 0.107496 0.061731 -0.056900 -0.097467 0.984282 -0.147270 14.235800 -0.076592 0.140117 0.987168 -2.088100 0.000000 0.000000 0.000000 1.000000
0.992831 0.105181 0.056775 -0.056900 -0.095805 0.984309 -0.148180 14.235800 -0.071470 0.141678 0.987329 -2.088100 0.000000 0.000000 0.000000 1.000000
0.993270 0.103892 0.051195 -0.056900 -0.095018 0.983690 -0.152724 14.235800 -0.066227 0.146832 0.986942 -2.088100 0.000000 0.000000 0.000000 1.000000
0.993525 0.108615 0.033341 -0.056900 -0.102131 0.982340 -0.156772 14.235800 -0.049780 0.152352 0.987072 -2.088100 0.000000 0.000000 0.000000 1.000000
0.992782 0.119098 0.014124 -0.056900 -0.115409 0.980729 -0.157645 14.235800 -0.032627 0.154877 0.987395 -2.088100 0.000000 0.000000 0.000000 1.000000
0.991101 0.133086 -0.002763 -0.056900 -0.131887 0.978939 -0.155836 14.235800 -0.018035 0.154814 0.987779 -2.088100 0.000000 0.000000 0.000000 1.000000
0.989213 0.145846 -0.013692 -0.056900 -0.146207 0.977213 -0.153878 14.235800 -0.009062 0.154220 0.987995 -2.088100 0.000000 0.000000 0.000000 1.000000
0.987964 0.153699 -0.017455 -0.056900 -0.154543 0.975888 -0.154139 14.235800 -0.006656 0.154981 0.987895 -2.088100 0.000000 0.000000 0.000000 1.000000
0.987535 0.156574 -0.016109 -0.056900 -0.157156 0.975127 -0.156297 14.235800 -0.008764 0.156881 0.987579 -2.088100 0.000000 0.000000 0.000000 1.000000
0.987554 0.156735 -0.013086 -0.056900 -0.156822 0.974919 -0.157923 14.235800 -0.011995 0.158010 0.987365 -2.088100 0.000000 0.000000 0.000000 1.000000
0.987751 0.155689 -0.010459 -0.056900 -0.155380 0.975200 -0.157613 14.235800 -0.014338 0.157307 0.987446 -2.088100 0.000000 0.000000 0.000000 1.000000
0.988159 0.153222 -0.008021 -0.056900 -0.152579 0.975820 -0.156512 14.235800 -0.016154 0.155882 0.987644 -2.088100 0.000000 0.000000 0.000000 1.000000
0.988825 0.149013 -0.004521 -0.056900 -0.147881 0.976571 -0.156332 14.235800 -0.018881 0.155253 0.987694 -2.088100 0.000000 0.000000 0.000000 1.000000
0.989597 0.143868 0.000746 -0.056900 -0.141972 0.977368 -0.156828 14.235800 -0.023292 0.155090 0.987626 -2.088100 0.000000 0.000000 0.000000 1.000000
0.990272 0.138938 0.007531 -0.056900 -0.136068 0.978288 -0.156324 14.235800 -0.029087 0.153779 0.987677 -2.088100 0.000000 0.000000 0.000000 1.000000
0.990801 0.134475 0.015176 -0.056900 -0.130554 0.979340 -0.154434 14.235800 -0.035630 0.151032 0.987887 -2.088100 0.000000 0.000000 0.000000 1.000000
0.991268 0.129824 0.023083 -0.056900 -0.124824 0.980303 -0.153050 14.235800 -0.042498 0.148832 0.987949 -2.088100 0.000000 0.000000 0.000000 1.000000
0.991748 0.124448 0.030785 -0.056900 -0.118305 0.980935 -0.154178 14.235800 -0.049385 0.149264 0.987563 -2.088100 0.000000 0.000000 0.000000 1.000000
0.992184 0.118894 0.037893 -0.056900 -0.111564 0.981202 -0.157469 14.235800 -0.055903 0.152011 0.986797 -2.088100 0.000000 0.000000 0.000000 1.000000
0.992410 0.114779 0.044141 -0.056900 -0.106348 0.981273 -0.160603 14.235800 -0.061749 0.154690 0.986031 -2.088100 0.000000 0.000000 0.000000 1.000000
0.992314 0.113368 0.049605 -0.056900 -0.104042 0.981367 -0.161538 14.235800 -0.066994 0.155135 0.985619 -2.088100 0.000000 0.000000 0.000000 1.000000
0.991961 0.114028 0.054881 -0.056900 -0.104011 0.981675 -0.159673 14.235800 -0.072082 0.152681 0.985643 -2.088100 0.000000 0.000000 0.000000 1.000000
0.991531 0.114790 0.060734 -0.056900 -0.104204 0.982332 -0.155451 14.235800 -0.077506 0.147806 0.985975 -2.088100 0.000000 0.000000 0.000000 1.000000
0.991168 0.114470 0.066950 -0.056900 -0.103433 0.983274 -0.149910 14.235800 -0.082990 0.141661 0.986430 -2.088100 0.000000 0.000000 0.000000 1.000000
0.991510 0.112742 0.064791 -0.056900 -0.102224 0.983768 -0.147480 14.235800 -0.080366 0.139605 0.986941 -2.088100 0.000000 0.000000 0.000000 1.000000
0.991839 0.110151 0.064208 -0.056900 -0.099783 0.984107 -0.146891 14.235800 -0.079368 0.139286 0.987066 -2.088100 0.000000 0.000000 0.000000 1.000000</float_array><technique_common><accessor source="#mixamorig_Neck-Matrix-animation-output-transform-array" count="27" stride="16"><param type="float4x4"/></accessor></technique_common></source><source id="mixamorig_Neck-Interpolations"><Name_array id="mixamorig_Neck-Interpolations-array" count="27">
 LINEAR LINEAR LINEAR LINEAR LINEAR LINEAR LINEAR LINEAR LINEAR LINEAR LINEAR
LINEAR LINEAR LINEAR LINEAR LINEAR LINEAR LINEAR LINEAR LINEAR LINEAR LINEAR LINEAR
LINEAR LINEAR LINEAR LINEAR</Name_array><technique_common><accessor source="#mixamorig_Neck-Interpolations-array" count="27"><param type="name"/></accessor></technique_common></source><sampler id="mixamorig_Neck-Matrix-animation-transform"><input semantic="INPUT" source="#mixamorig_Neck-Matrix-animation-input"/><input semantic="OUTPUT" source="#mixamorig_Neck-Matrix-animation-output-transform"/><input semantic="INTERPOLATION" source="#mixamorig_Neck-Interpolations"/></sampler><channel source="#mixamorig_Neck-Matrix-animation-transform" target="mixamorig_Neck/matrix"/></animation>
    <animation id="mixamorig_Head-anim" name="mixamorig_Head"><source id="mixamorig_Head-Matrix-animation-input"><float_array id="mixamorig_Head-Matrix-animation-input-array" count="27">

0.000000 0.033333 0.066667 0.100000 0.133333 0.166667 0.200000 0.233333 0.266667 0.300000 0.333333 0.366667 0.400000 0.433333 0.466667 0.500000
0.533333 0.566667 0.600000 0.633333 0.666667 0.700000 0.733333 0.766667 0.800000 0.833333 0.866667</float_array><technique_common><accessor source="#mixamorig_Head-Matrix-animation-input-array" count="27"><param name="TIME" type="float"/></accessor></technique_common></source><source id="mixamorig_Head-Matrix-animation-output-transform"><float_array id="mixamorig_Head-Matrix-animation-output-transform-array" count="432">

0.959102 0.113007 0.259526 0.000000 -0.135849 0.988126 0.071777 3.280200 -0.248333 -0.104098 0.963065 0.313300 0.000000 0.000000 0.000000 1.000000
0.958964 0.121188 0.256322 0.000000 -0.145561 0.986247 0.078285 3.280200 -0.243309 -0.112383 0.963416 0.313300 0.000000 0.000000 0.000000 1.000000
0.964565 0.116735 0.236616 0.000000 -0.140671 0.986237 0.086883 3.280200 -0.223217 -0.117089 0.967711 0.313300 0.000000 0.000000 0.000000 1.000000
0.982110 0.079472 0.170718 0.000000 -0.097806 0.989985 0.101805 3.280200 -0.160918 -0.116681 0.980046 0.313300 0.000000 0.000000 0.000000 1.000000
0.998430 0.005655 0.055731 -0.000000 -0.012310 0.992723 0.119789 3.280200 -0.054648 -0.120287 0.991234 0.313300 0.000000 0.000000 0.000000 1.000000
0.994536 -0.070292 -0.077179 0.000000 0.079937 0.988290 0.129976 3.280200 0.067138 -0.135436 0.988509 0.313300 0.000000 0.000000 0.000000 1.000000
0.973326 -0.123381 -0.193424 0.000000 0.150145 0.980026 0.130406 3.280200 0.173471 -0.155970 0.972410 0.313300 0.000000 0.000000 0.000000 1.000000
0.953272 -0.143131 -0.266058 -0.000000 0.182428 0.974683 0.129279 3.280200 0.240818 -0.171774 0.955249 0.313300 0.000000 0.000000 0.000000 1.000000
0.946690 -0.137604 -0.291279 -0.000000 0.182634 0.974088 0.133407 3.280200 0.265374 -0.179493 0.947290 0.313300 0.000000 0.000000 0.000000 1.000000
0.949922 -0.126326 -0.285814 0.000000 0.172000 0.974994 0.140719 3.280200 0.260890 -0.182832 0.947897 0.313300 0.000000 0.000000 0.000000 1.000000
0.953612 -0.127854 -0.272538 -0.000000 0.171921 0.974469 0.144407 3.280200 0.247117 -0.184563 0.951246 0.313300 0.000000 0.000000 0.000000 1.000000
0.953400 -0.147745 -0.263060 0.000000 0.189057 0.972042 0.139257 3.280200 0.235131 -0.182501 0.954676 0.313300 0.000000 0.000000 0.000000 1.000000
0.951608 -0.174593 -0.252902 0.000000 0.211489 0.969129 0.126737 3.280200 0.222967 -0.174090 0.959155 0.313300 0.000000 0.000000 0.000000 1.000000
0.953927 -0.189742 -0.232427 -0.000000 0.220687 0.968531 0.115083 3.280200 0.203276 -0.161074 0.965781 0.313300 0.000000 0.000000 0.000000 1.000000
0.962843 -0.183597 -0.198055 0.000000 0.208101 0.971810 0.110810 3.280200 0.172128 -0.147908 0.973907 0.313300 0.000000 0.000000 0.000000 1.000000
0.974830 -0.161850 -0.153333 0.000000 0.179939 0.977227 0.112471 3.280200 0.131637 -0.137231 0.981753 0.313300 0.000000 0.000000 0.000000 1.000000
0.985239 -0.136239 -0.103650 0.000000 0.147890 0.982348 0.114549 3.280200 0.086214 -0.128187 0.987996 0.313300 0.000000 0.000000 0.000000 1.000000
0.992283 -0.112506 -0.052128 -0.000000 0.117817 0.986523 0.113537 3.280200 0.038652 -0.118803 0.992165 0.313300 0.000000 0.000000 0.000000 1.000000
0.996048 -0.088817 -0.000222 0.000000 0.088313 0.990130 0.108830 3.280200 -0.009446 -0.108420 0.994060 0.313300 0.000000 0.000000 0.000000 1.000000
0.996790 -0.062977 0.049427 0.000000 0.057760 0.993238 0.100704 3.280200 -0.055435 -0.097526 0.993688 0.313300 0.000000 0.000000 0.000000 1.000000
0.995015 -0.037143 0.092550 0.000000 0.028784 0.995519 0.090074 3.280200 -0.095481 -0.086961 0.991625 0.313300 0.000000 0.000000 0.000000 1.000000
0.991794 -0.014158 0.127063 -0.000000 0.004059 0.996835 0.079391 3.280200 -0.127785 -0.078223 0.988712 0.313300 0.000000 0.000000 0.000000 1.000000
0.987553 0.008397 0.157061 -0.000000 -0.019842 0.997247 0.071444 3.280200 -0.156029 -0.073672 0.985001 0.313300 0.000000 0.000000 0.000000 1.000000
0.981119 0.036335 0.189962 0.000000 -0.049892 0.996500 0.067074 3.280200 -0.186860 -0.075285 0.979498 0.313300 0.000000 0.000000 0.000000 1.000000
0.971070 0.070739 0.228077 0.000000 -0.087673 0.994028 0.064978 3.280200 -0.222118 -0.083094 0.971473 0.313300 0.000000 0.000000 0.000000 1.000000
0.963948 0.094518 0.248736 -0.000000 -0.114570 0.991127 0.067383 3.280200 -0.240160 -0.093452 0.966224 0.313300 0.000000 0.000000 0.000000 1.000000
0.959102 0.113007 0.259526 -0.000000 -0.135849 0.988126 0.071777 3.280200 -0.248333 -0.104097 0.963065 0.313300 0.000000 0.000000 0.000000 1.000000</float_array><technique_common><accessor source="#mixamorig_Head-Matrix-animation-output-transform-array" count="27" stride="16"><param type="float4x4"/></accessor></technique_common></source><source id="mixamorig_Head-Interpolations"><Name_array id="mixamorig_Head-Interpolations-array" count="27">
 LINEAR LINEAR LINEAR LINEAR LINEAR LINEAR LINEAR LINEAR LINEAR LINEAR LINEAR
LINEAR LINEAR LINEAR LINEAR LINEAR LINEAR LINEAR LINEAR LINEAR LINEAR LINEAR LINEAR
LINEAR LINEAR LINEAR LINEAR</Name_array><technique_common><accessor source="#mixamorig_Head-Interpolations-array" count="27"><param type="name"/></accessor></technique_common></source><sampler id="mixamorig_Head-Matrix-animation-transform"><input semantic="INPUT" source="#mixamorig_Head-Matrix-animation-input"/><input semantic="OUTPUT" source="#mixamorig_Head-Matrix-animation-output-transform"/><input semantic="INTERPOLATION" source="#mixamorig_Head-Interpolations"/></sampler><channel source="#mixamorig_Head-Matrix-animation-transform" target="mixamorig_Head/matrix"/></animation>
    <animation id="mixamorig_LeftShoulder-anim" name="mixamorig_LeftShoulder"><source id="mixamorig_LeftShoulder-Matrix-animation-input"><float_array id="mixamorig_LeftShoulder-Matrix-animation-input-array" count="27">

0.000000 0.033333 0.066667 0.100000 0.133333 0.166667 0.200000 0.233333 0.266667 0.300000 0.333333 0.366667 0.400000 0.433333 0.466667 0.500000
0.533333 0.566667 0.600000 0.633333 0.666667 0.700000 0.733333 0.766667 0.800000 0.833333 0.866667</float_array><technique_common><accessor source="#mixamorig_LeftShoulder-Matrix-animation-input-array" count="27"><param name="TIME" type="float"/></accessor></technique_common></source><source id="mixamorig_LeftShoulder-Matrix-animation-output-transform"><float_array id="mixamorig_LeftShoulder-Matrix-animation-output-transform-array" count="432">

0.940984 0.207513 -0.267373 6.728800 -0.219590 0.975465 -0.015739 11.756600 0.257547 0.073523 0.963465 -2.058500 0.000000 0.000000 0.000000 1.000000
0.939382 0.207501 -0.272954 6.728800 -0.219887 0.975406 -0.015244 11.756600 0.263078 0.074339 0.961906 -2.058500 0.000000 0.000000 0.000000 1.000000
0.935948 0.207460 -0.284538 6.728800 -0.220738 0.975217 -0.015045 11.756600 0.274366 0.076890 0.958547 -2.058500 0.000000 0.000000 0.000000 1.000000
0.929016 0.207373 -0.306474 6.728800 -0.222578 0.974798 -0.015113 11.756600 0.295616 0.082254 0.951759 -2.058500 0.000000 0.000000 0.000000 1.000000
0.919521 0.207235 -0.333969 6.728800 -0.225312 0.974157 -0.015869 11.756600 0.322050 0.089840 0.942450 -2.058500 0.000000 0.000000 0.000000 1.000000
0.911644 0.207123 -0.354973 6.728800 -0.227507 0.973642 -0.016176 11.756600 0.342267 0.095506 0.934736 -2.058500 0.000000 0.000000 0.000000 1.000000
0.908034 0.207067 -0.364138 6.728800 -0.228561 0.973391 -0.016434 11.756600 0.351046 0.098150 0.931200 -2.058500 0.000000 0.000000 0.000000 1.000000
0.910380 0.207090 -0.358220 6.728800 -0.228083 0.973496 -0.016862 11.756600 0.345234 0.097054 0.933485 -2.058500 0.000000 0.000000 0.000000 1.000000
0.916795 0.207180 -0.341415 6.728800 -0.226345 0.973902 -0.016809 11.756600 0.329022 0.092688 0.939762 -2.058500 0.000000 0.000000 0.000000 1.000000
0.922457 0.207282 -0.325740 6.728800 -0.224370 0.974383 -0.015347 11.756600 0.314215 0.087243 0.945335 -2.058500 0.000000 0.000000 0.000000 1.000000
0.923493 0.207343 -0.322754 6.728800 -0.223247 0.974680 -0.012622 11.756600 0.311965 0.083710 0.946399 -2.058500 0.000000 0.000000 0.000000 1.000000
0.919511 0.207342 -0.333930 6.728800 -0.223420 0.974671 -0.010025 11.756600 0.323394 0.083824 0.942544 -2.058500 0.000000 0.000000 0.000000 1.000000
0.913445 0.207286 -0.350216 6.728800 -0.224601 0.974409 -0.009078 11.756600 0.339372 0.086951 0.936625 -2.058500 0.000000 0.000000 0.000000 1.000000
0.909350 0.207211 -0.360758 6.728800 -0.226034 0.974065 -0.010275 11.756600 0.349273 0.090887 0.932603 -2.058500 0.000000 0.000000 0.000000 1.000000
0.909013 0.207157 -0.361638 6.728800 -0.226991 0.973814 -0.012737 11.756600 0.349529 0.093666 0.932232 -2.058500 0.000000 0.000000 0.000000 1.000000
0.910815 0.207133 -0.357088 6.728800 -0.227331 0.973701 -0.015040 11.756600 0.344582 0.094876 0.933950 -2.058500 0.000000 0.000000 0.000000 1.000000
0.912309 0.207125 -0.353258 6.728800 -0.227417 0.973659 -0.016437 11.756600 0.340548 0.095333 0.935382 -2.058500 0.000000 0.000000 0.000000 1.000000
0.912980 0.207120 -0.351523 6.728800 -0.227461 0.973637 -0.017090 11.756600 0.338716 0.095560 0.936023 -2.058500 0.000000 0.000000 0.000000 1.000000
0.914174 0.207129 -0.348400 6.728800 -0.227257 0.973679 -0.017437 11.756600 0.335618 0.095116 0.937184 -2.058500 0.000000 0.000000 0.000000 1.000000
0.916937 0.207160 -0.341044 6.728800 -0.226621 0.973821 -0.017769 11.756600 0.328435 0.093581 0.939879 -2.058500 0.000000 0.000000 0.000000 1.000000
0.920652 0.207201 -0.330859 6.728800 -0.225771 0.974009 -0.018260 11.756600 0.318477 0.091509 0.943503 -2.058500 0.000000 0.000000 0.000000 1.000000
0.924228 0.207238 -0.320710 6.728800 -0.224983 0.974180 -0.018862 11.756600 0.308520 0.089587 0.946990 -2.058500 0.000000 0.000000 0.000000 1.000000
0.927899 0.207285 -0.309898 6.728800 -0.224027 0.974397 -0.019027 11.756600 0.298019 0.087081 0.950579 -2.058500 0.000000 0.000000 0.000000 1.000000
0.932806 0.207368 -0.294740 6.728800 -0.222423 0.974782 -0.018114 11.756600 0.283551 0.082454 0.955406 -2.058500 0.000000 0.000000 0.000000 1.000000
