<?xml version="1.0" encoding="utf-8"?>
<COLLADA xmlns="http://www.collada.org/2005/11/COLLADASchema" version="1.4.1">
  <asset><contributor><author>Mixamo</author><authoring_tool>COLLADA Mixamo exporter</authoring_tool><comments></comments></contributor><created>2018-10-29T15:56:58Z</created><modified>2018-10-29T15:56:58Z</modified><revision></revision><title></title><unit meter="0.010000"/><up_axis>Y_UP</up_axis></asset>
  <library_animations>
    <animation id="mixamorig_Hips-anim" name="mixamorig_Hips"><source id="mixamorig_Hips-Matrix-animation-input"><float_array id="mixamorig_Hips-Matrix-animation-input-array" count="28">

0.000000 0.033333 0.066667 0.100000 0.133333 0.166667 0.200000 0.233333 0.266667 0.300000 0.333333 0.366667 0.400000 0.433333 0.466667 0.500000
0.533333 0.566667 0.600000 0.633333 0.666667 0.700000 0.733333 0.766667 0.800000 0.833333 0.866667 0.900000</float_array><technique_common><accessor source="#mixamorig_Hips-Matrix-animation-input-array" count="28"><param name="TIME" type="float"/></accessor></technique_common></source><source id="mixamorig_Hips-Matrix-animation-output-transform"><float_array id="mixamorig_Hips-Matrix-animation-output-transform-array" count="448">

0.975373 0.183734 -0.122020 -0.690717 -0.203118 0.963886 -0.172243 87.088051 0.085967 0.192785 0.977468 0.532532 0.000000 0.000000 0.000000 1.000000
0.940287 0.006968 -0.340313 -0.051488 -0.049224 0.992065 -0.115693 94.412216 0.336806 0.125536 0.933168 23.813066 0.000000 0.000000 0.000000 1.000000
0.897017 -0.186543 -0.400701 -1.755591 0.158113 0.982012 -0.103214 104.535698 0.412747 0.029229 0.910376 39.519077 0.000000 0.000000 0.000000 1.000000
0.881532 -0.306561 -0.359057 -3.187092 0.290723 0.951694 -0.098789 112.458145 0.371997 -0.017301 0.928073 52.765343 0.000000 0.000000 0.000000 1.000000
0.896892 -0.328454 -0.296147 -3.610967 0.324097 0.943775 -0.065195 118.512405 0.300910 -0.037508 0.952915 67.173775 0.000000 0.000000 0.000000 1.000000
0.930964 -0.275168 -0.239977 -3.391129 0.281106 0.959626 -0.009831 123.253250 0.232994 -0.058306 0.970729 82.551239 0.000000 0.000000 0.000000 1.000000
0.958542 -0.214233 -0.187887 -2.971680 0.227604 0.972339 0.052479 127.281380 0.171447 -0.093067 0.980788 98.648605 0.000000 0.000000 0.000000 1.000000
0.972109 -0.182976 -0.146712 -2.512800 0.195635 0.977652 0.076966 131.140503 0.129350 -0.103521 0.986180 115.083237 0.000000 0.000000 0.000000 1.000000
0.975182 -0.171715 -0.139768 -1.795383 0.183414 0.980129 0.075547 133.957336 0.124018 -0.099307 0.987298 130.668610 0.000000 0.000000 0.000000 1.000000
0.972376 -0.165483 -0.164621 -0.920877 0.181594 0.979421 0.088081 135.347214 0.146657 -0.115542 0.982416 145.943283 0.000000 0.000000 0.000000 1.000000
0.971518 -0.149159 -0.184134 -0.159235 0.174194 0.976332 0.128189 135.294693 0.160656 -0.156613 0.974506 161.089157 0.000000 0.000000 0.000000 1.000000
0.980457 -0.118790 -0.156820 0.403032 0.146490 0.972899 0.178909 134.402084 0.131318 -0.198385 0.971287 176.103409 0.000000 0.000000 0.000000 1.000000
0.993848 -0.080090 -0.076499 0.838211 0.095071 0.971241 0.218294 132.659790 0.056816 -0.224224 0.972880 191.329117 0.000000 0.000000 0.000000 1.000000
0.998795 -0.034027 0.035372 1.235561 0.024778 0.971667 0.235054 129.819931 -0.042368 -0.233894 0.971339 207.311584 0.000000 0.000000 0.000000 1.000000
0.989137 0.012687 0.146446 1.547175 -0.046612 0.971924 0.230632 126.073418 -0.139409 -0.234953 0.961958 224.210968 0.000000 0.000000 0.000000 1.000000
0.971975 0.051604 0.229348 1.789334 -0.101766 0.971821 0.212619 121.778061 -0.211914 -0.230000 0.949838 241.924469 0.000000 0.000000 0.000000 1.000000
0.956980 0.084713 0.277511 2.047566 -0.141736 0.971036 0.192352 116.380722 -0.253178 -0.223410 0.941270 260.188812 0.000000 0.000000 0.000000 1.000000
0.945957 0.097118 0.309409 2.100371 -0.160060 0.969615 0.185008 109.897713 -0.282040 -0.224533 0.932758 277.843994 0.000000 0.000000 0.000000 1.000000
0.935868 0.075847 0.344089 1.789432 -0.154119 0.966300 0.206182 103.343201 -0.316856 -0.245990 0.916019 294.313385 0.000000 0.000000 0.000000 1.000000
0.928402 0.019590 0.371060 1.262112 -0.119899 0.960987 0.249256 97.466858 -0.351700 -0.275899 0.894531 310.242615 0.000000 0.000000 0.000000 1.000000
0.930088 -0.010942 0.367174 0.620853 -0.095847 0.957702 0.271330 92.518692 -0.354612 -0.287553 0.889698 327.273499 0.000000 0.000000 0.000000 1.000000
0.937856 -0.022307 0.346306 0.336339 -0.058643 0.973392 0.221515 91.262878 -0.342033 -0.228058 0.911594 346.227509 0.000000 0.000000 0.000000 1.000000
0.942497 -0.013973 0.333924 0.281678 -0.021004 0.994674 0.100906 90.205132 -0.333555 -0.102117 0.937184 366.026764 0.000000 0.000000 0.000000 1.000000
0.943874 0.002562 0.330297 0.227822 0.004237 0.999794 -0.019863 88.715240 -0.330279 0.020148 0.943668 384.544830 0.000000 0.000000 0.000000 1.000000
0.955503 0.025362 0.293889 0.059436 -0.002999 0.997081 -0.076297 88.220848 -0.294966 0.072020 0.952790 401.733459 0.000000 0.000000 0.000000 1.000000
0.979137 0.092062 0.181148 -0.083053 -0.076170 0.992764 -0.092828 88.433548 -0.188384 0.077093 0.979065 417.525116 0.000000 0.000000 0.000000 1.000000
0.987159 0.157195 0.028420 -0.143946 -0.152404 0.980087 -0.127287 87.954071 -0.047863 0.121321 0.991459 434.293091 0.000000 0.000000 0.000000 1.000000
0.975355 0.184041 -0.121702 -0.462400 -0.203365 0.963822 -0.172307 87.061836 0.085588 0.192811 0.977496 454.207306 0.000000 0.000000 0.000000 1.000000</float_array><technique_common><accessor source="#mixamorig_Hips-Matrix-animation-output-transform-array" count="28" stride="16"><param type="float4x4"/></accessor></technique_common></source><source id="mixamorig_Hips-Interpolations"><Name_array id="mixamorig_Hips-Interpolations-array" count="28">
 LINEAR LINEAR LINEAR LINEAR LINEAR LINEAR LINEAR LINEAR LINEAR LINEAR LINEAR
LINEAR LINEAR LINEAR LINEAR LINEAR LINEAR LINEAR LINEAR LINEAR LINEAR LINEAR LINEAR
LINEAR LINEAR LINEAR LINEAR LINEAR</Name_array><technique_common><accessor source="#mixamorig_Hips-Interpolations-array" count="28"><param type="name"/></accessor></technique_common></source><sampler id="mixamorig_Hips-Matrix-animation-transform"><input semantic="INPUT" source="#mixamorig_Hips-Matrix-animation-input"/><input semantic="OUTPUT" source="#mixamorig_Hips-Matrix-animation-output-transform"/><input semantic="INTERPOLATION" source="#mixamorig_Hips-Interpolations"/></sampler><channel source="#mixamorig_Hips-Matrix-animation-transform" target="mixamorig_Hips/matrix"/></animation>
    <animation id="mixamorig_Spine-anim" name="mixamorig_Spine"><source id="mixamorig_Spine-Matrix-animation-input"><float_array id="mixamorig_Spine-Matrix-animation-input-array" count="28">

0.000000 0.033333 0.066667 0.100000 0.133333 0.166667 0.200000 0.233333 0.266667 0.300000 0.333333 0.366667 0.400000 0.433333 0.466667 0.500000
0.533333 0.566667 0.600000 0.633333 0.666667 0.700000 0.733333 0.766667 0.800000 0.833333 0.866667 0.900000</float_array><technique_common><accessor source="#mixamorig_Spine-Matrix-animation-input-array" count="28"><param name="TIME" type="float"/></accessor></technique_common></source><source id="mixamorig_Spine-Matrix-animation-output-transform"><float_array id="mixamorig_Spine-Matrix-animation-output-transform-array" count="448">

0.934561 -0.349705 0.065582 -0.038100 0.352194 0.935417 -0.030901 9.490500 -0.050540 0.051976 0.997369 -1.392100 0.000000 0.000000 0.000000 1.000000
0.919781 -0.135392 0.368336 -0.038100 0.166945 0.984430 -0.055027 9.490500 -0.355151 0.112105 0.928063 -1.392100 0.000000 0.000000 0.000000 1.000000
0.825456 0.148013 0.544714 -0.038100 -0.059834 0.982516 -0.176303 9.490500 -0.561286 0.112938 0.819880 -1.392100 0.000000 0.000000 0.000000 1.000000
0.760735 0.349309 0.547052 -0.038100 -0.196513 0.927230 -0.318791 9.490500 -0.618599 0.135013 0.774020 -1.392100 0.000000 0.000000 0.000000 1.000000
0.773232 0.414128 0.480218 -0.038100 -0.216749 0.884289 -0.413585 9.490500 -0.595929 0.215711 0.773523 -1.392100 0.000000 0.000000 0.000000 1.000000
0.823835 0.367527 0.431531 -0.038100 -0.157618 0.879818 -0.448417 9.490500 -0.544474 0.301405 0.782754 -1.392100 0.000000 0.000000 0.000000 1.000000
0.856185 0.323918 0.402522 -0.038100 -0.108919 0.874720 -0.472230 9.490500 -0.505058 0.360473 0.784204 -1.392100 0.000000 0.000000 0.000000 1.000000
0.861751 0.308644 0.402645 -0.038100 -0.094352 0.877310 -0.470559 9.490500 -0.498480 0.367514 0.785144 -1.392100 0.000000 0.000000 0.000000 1.000000
0.860120 0.287398 0.421421 -0.038100 -0.067253 0.882849 -0.464817 9.490500 -0.505638 0.371457 0.778685 -1.392100 0.000000 0.000000 0.000000 1.000000
0.863348 0.263828 0.430146 -0.038100 -0.022122 0.871403 -0.490069 9.490500 -0.504124 0.413584 0.758160 -1.392100 0.000000 0.000000 0.000000 1.000000
0.883854 0.236172 0.403763 -0.038100 0.026799 0.836195 -0.547776 9.490500 -0.466994 0.494975 0.732746 -1.392100 0.000000 0.000000 0.000000 1.000000
0.921523 0.187632 0.339986 -0.038100 0.063143 0.791465 -0.607944 9.490500 -0.383157 0.581702 0.717505 -1.392100 0.000000 0.000000 0.000000 1.000000
0.959770 0.109752 0.258450 -0.038100 0.088585 0.755085 -0.649615 9.490500 -0.266448 0.646376 0.714985 -1.392100 0.000000 0.000000 0.000000 1.000000
0.983544 0.010230 0.180381 -0.038100 0.113611 0.741277 -0.661514 9.490500 -0.140479 0.671122 0.727916 -1.392100 0.000000 0.000000 0.000000 1.000000
0.990813 -0.083458 0.106418 -0.038100 0.132540 0.755699 -0.641367 9.490500 -0.026893 0.649579 0.759818 -1.392100 0.000000 0.000000 0.000000 1.000000
0.988599 -0.148725 0.023532 -0.038100 0.133486 0.793319 -0.593992 9.490500 0.069673 0.590361 0.804127 -1.392100 0.000000 0.000000 0.000000 1.000000
0.979608 -0.187138 -0.073124 -0.038100 0.121359 0.841184 -0.526954 9.490500 0.160124 0.507334 0.846742 -1.392100 0.000000 0.000000 0.000000 1.000000
0.963836 -0.191753 -0.185071 -0.038100 0.084354 0.878267 -0.470671 9.490500 0.252794 0.438038 0.862681 -1.392100 0.000000 0.000000 0.000000 1.000000
0.942327 -0.151783 -0.298299 -0.038100 -0.001132 0.889807 -0.456335 9.490500 0.334692 0.430355 0.838317 -1.392100 0.000000 0.000000 0.000000 1.000000
0.914654 -0.054647 -0.400528 -0.038100 -0.142924 0.883107 -0.446872 9.490500 0.378129 0.465978 0.799927 -1.392100 0.000000 0.000000 0.000000 1.000000
0.892223 0.017825 -0.451243 -0.038100 -0.221899 0.887578 -0.403690 9.490500 0.393318 0.460312 0.795873 -1.392100 0.000000 0.000000 0.000000 1.000000
0.884797 0.052747 -0.462982 -0.038100 -0.205005 0.936315 -0.285110 9.490500 0.418458 0.347178 0.839262 -1.392100 0.000000 0.000000 0.000000 1.000000
0.889224 0.044929 -0.455260 -0.038100 -0.104020 0.988956 -0.105575 9.490500 0.445489 0.141236 0.884077 -1.392100 0.000000 0.000000 0.000000 1.000000
0.898621 0.018317 -0.438342 -0.038100 -0.003472 0.999394 0.034642 9.490500 0.438711 -0.029608 0.898140 -1.392100 0.000000 0.000000 0.000000 1.000000
0.920832 -0.051023 -0.386607 -0.038100 0.069035 0.997074 0.032838 9.490500 0.383801 -0.056928 0.921660 -1.392100 0.000000 0.000000 0.000000 1.000000
0.945321 -0.193065 -0.262856 -0.038100 0.180141 0.980954 -0.072652 9.490500 0.271876 0.021328 0.962096 -1.392100 0.000000 0.000000 0.000000 1.000000
0.946326 -0.305973 -0.104153 -0.038100 0.297884 0.950692 -0.086314 9.490500 0.125427 0.050656 0.990809 -1.392100 0.000000 0.000000 0.000000 1.000000
0.934467 -0.350017 0.065267 -0.038100 0.352488 0.935307 -0.030882 9.490500 -0.050235 0.051864 0.997390 -1.392100 0.000000 0.000000 0.000000 1.000000</float_array><technique_common><accessor source="#mixamorig_Spine-Matrix-animation-output-transform-array" count="28" stride="16"><param type="float4x4"/></accessor></technique_common></source><source id="mixamorig_Spine-Interpolations"><Name_array id="mixamorig_Spine-Interpolations-array" count="28">
 LINEAR LINEAR LINEAR LINEAR LINEAR LINEAR LINEAR LINEAR LINEAR LINEAR LINEAR
LINEAR LINEAR LINEAR LINEAR LINEAR LINEAR LINEAR LINEAR LINEAR LINEAR LINEAR LINEAR
LINEAR LINEAR LINEAR LINEAR LINEAR</Name_array><technique_common><accessor source="#mixamorig_Spine-Interpolations-array" count="28"><param type="name"/></accessor></technique_common></source><sampler id="mixamorig_Spine-Matrix-animation-transform"><input semantic="INPUT" source="#mixamorig_Spine-Matrix-animation-input"/><input semantic="OUTPUT" source="#mixamorig_Spine-Matrix-animation-output-transform"/><input semantic="INTERPOLATION" source="#mixamorig_Spine-Interpolations"/></sampler><channel source="#mixamorig_Spine-Matrix-animation-transform" target="mixamorig_Spine/matrix"/></animation>
    <animation id="mixamorig_Spine1-anim" name="mixamorig_Spine1"><source id="mixamorig_Spine1-Matrix-animation-input"><float_array id="mixamorig_Spine1-Matrix-animation-input-array" count="28">

0.000000 0.033333 0.066667 0.100000 0.133333 0.166667 0.200000 0.233333 0.266667 0.300000 0.333333 0.366667 0.400000 0.433333 0.466667 0.500000
0.533333 0.566667 0.600000 0.633333 0.666667 0.700000 0.733333 0.766667 0.800000 0.833333 0.866667 0.900000</float_array><technique_common><accessor source="#mixamorig_Spine1-Matrix-animation-input-array" count="28"><param name="TIME" type="float"/></accessor></technique_common></source><source id="mixamorig_Spine1-Matrix-animation-output-transform"><float_array id="mixamorig_Spine1-Matrix-animation-output-transform-array" count="448">

0.996909 0.077686 0.011749 -0.044200 -0.076920 0.995484 -0.055629 11.072300 -0.016018 0.054554 0.998382 -1.624100 0.000000 0.000000 0.000000 1.000000
0.992059 0.116763 0.046755 -0.044200 -0.114699 0.992397 -0.044640 11.072300 -0.051611 0.038923 0.997908 -1.624100 0.000000 0.000000 0.000000 1.000000
0.987903 0.138043 0.070654 -0.044200 -0.133317 0.988755 -0.067747 11.072300 -0.079211 0.057508 0.995198 -1.624100 0.000000 0.000000 0.000000 1.000000
0.990067 0.116635 0.078504 -0.044200 -0.110403 0.990700 -0.079527 11.072300 -0.087049 0.070070 0.993737 -1.624100 0.000000 0.000000 0.000000 1.000000
0.993091 0.088012 0.077621 -0.044200 -0.082879 0.994302 -0.067042 11.072300 -0.083079 0.060145 0.994726 -1.624100 0.000000 0.000000 0.000000 1.000000
0.995253 0.065526 0.071962 -0.044200 -0.061201 0.996275 -0.060744 11.072300 -0.075675 0.056052 0.995556 -1.624100 0.000000 0.000000 0.000000 1.000000
0.996591 0.048984 0.066386 -0.044200 -0.044845 0.997039 -0.062464 11.072300 -0.069249 0.059274 0.995837 -1.624100 0.000000 0.000000 0.000000 1.000000
0.997155 0.039627 0.064118 -0.044200 -0.035510 0.997310 -0.064129 11.072300 -0.066487 0.061669 0.995880 -1.624100 0.000000 0.000000 0.000000 1.000000
0.997105 0.039076 0.065232 -0.044200 -0.035238 0.997637 -0.058973 11.072300 -0.067383 0.056504 0.996126 -1.624100 0.000000 0.000000 0.000000 1.000000
0.997105 0.037311 0.066249 -0.044200 -0.033803 0.998005 -0.053316 11.072300 -0.068106 0.050922 0.996378 -1.624100 0.000000 0.000000 0.000000 1.000000
0.997600 0.029533 0.062628 -0.044200 -0.026752 0.998638 -0.044787 11.072300 -0.063866 0.043004 0.997032 -1.624100 0.000000 0.000000 0.000000 1.000000
0.998535 0.013506 0.052398 -0.044200 -0.011834 0.999415 -0.032100 11.072300 -0.052801 0.031433 0.998110 -1.624100 0.000000 0.000000 0.000000 1.000000
0.999290 -0.007162 0.036989 -0.044200 0.007833 0.999807 -0.018032 11.072300 -0.036853 0.018309 0.999153 -1.624100 0.000000 0.000000 0.000000 1.000000
0.999387 -0.028909 0.019754 -0.044200 0.029120 0.999521 -0.010479 11.072300 -0.019442 0.011048 0.999750 -1.624100 0.000000 0.000000 0.000000 1.000000
0.998780 -0.049213 0.004055 -0.044200 0.049274 0.998645 -0.016746 11.072300 -0.003226 0.016926 0.999852 -1.624100 0.000000 0.000000 0.000000 1.000000
0.997818 -0.065405 -0.009039 -0.044200 0.065028 0.997194 -0.037095 11.072300 0.011440 0.036426 0.999271 -1.624100 0.000000 0.000000 0.000000 1.000000
0.997105 -0.073074 -0.021029 -0.044200 0.071627 0.995448 -0.062877 11.072300 0.025528 0.061189 0.997800 -1.624100 0.000000 0.000000 0.000000 1.000000
0.996980 -0.069621 -0.034412 -0.044200 0.066748 0.994672 -0.078558 11.072300 0.039698 0.076024 0.996315 -1.624100 0.000000 0.000000 0.000000 1.000000
0.996904 -0.060901 -0.049744 -0.044200 0.057151 0.995648 -0.073617 11.072300 0.054011 0.070546 0.996045 -1.624100 0.000000 0.000000 0.000000 1.000000
0.996730 -0.049602 -0.063789 -0.044200 0.045540 0.996935 -0.063619 11.072300 0.066749 0.060506 0.995934 -1.624100 0.000000 0.000000 0.000000 1.000000
0.996628 -0.040843 -0.071159 -0.044200 0.036303 0.997292 -0.063965 11.072300 0.073578 0.061166 0.995412 -1.624100 0.000000 0.000000 0.000000 1.000000
0.996901 -0.033051 -0.071392 -0.044200 0.027882 0.996999 -0.072220 11.072300 0.073564 0.070006 0.994830 -1.624100 0.000000 0.000000 0.000000 1.000000
0.997272 -0.032988 -0.066027 -0.044200 0.027208 0.995872 -0.086599 11.072300 0.068611 0.084566 0.994053 -1.624100 0.000000 0.000000 0.000000 1.000000
0.997611 -0.038103 -0.057628 -0.044200 0.032538 0.994982 -0.094612 11.072300 0.060944 0.092511 0.993845 -1.624100 0.000000 0.000000 0.000000 1.000000
0.998393 -0.030134 -0.047984 -0.044200 0.025978 0.996043 -0.084994 11.072300 0.050356 0.083611 0.995225 -1.624100 0.000000 0.000000 0.000000 1.000000
0.999444 -0.002251 -0.033274 -0.044200 -0.000020 0.997680 -0.068077 11.072300 0.033350 0.068040 0.997125 -1.624100 0.000000 0.000000 0.000000 1.000000
0.999225 0.037472 -0.012055 -0.044200 -0.038126 0.997497 -0.059554 11.072300 0.009793 0.059968 0.998152 -1.624100 0.000000 0.000000 0.000000 1.000000
0.996909 0.077686 0.011749 -0.044200 -0.076920 0.995484 -0.055629 11.072300 -0.016018 0.054554 0.998382 -1.624100 0.000000 0.000000 0.000000 1.000000</float_array><technique_common><accessor source="#mixamorig_Spine1-Matrix-animation-output-transform-array" count="28" stride="16"><param type="float4x4"/></accessor></technique_common></source><source id="mixamorig_Spine1-Interpolations"><Name_array id="mixamorig_Spine1-Interpolations-array" count="28">
 LINEAR LINEAR LINEAR LINEAR LINEAR LINEAR LINEAR LINEAR LINEAR LINEAR LINEAR
LINEAR LINEAR LINEAR LINEAR LINEAR LINEAR LINEAR LINEAR LINEAR LINEAR LINEAR LINEAR
LINEAR LINEAR LINEAR LINEAR LINEAR</Name_array><technique_common><accessor source="#mixamorig_Spine1-Interpolations-array" count="28"><param type="name"/></accessor></technique_common></source><sampler id="mixamorig_Spine1-Matrix-animation-transform"><input semantic="INPUT" source="#mixamorig_Spine1-Matrix-animation-input"/><input semantic="OUTPUT" source="#mixamorig_Spine1-Matrix-animation-output-transform"/><input semantic="INTERPOLATION" source="#mixamorig_Spine1-Interpolations"/></sampler><channel source="#mixamorig_Spine1-Matrix-animation-transform" target="mixamorig_Spine1/matrix"/></animation>
    <animation id="mixamorig_Spine2-anim" name="mixamorig_Spine2"><source id="mixamorig_Spine2-Matrix-animation-input"><float_array id="mixamorig_Spine2-Matrix-animation-input-array" count="28">

0.000000 0.033333 0.066667 0.100000 0.133333 0.166667 0.200000 0.233333 0.266667 0.300000 0.333333 0.366667 0.400000 0.433333 0.466667 0.500000
0.533333 0.566667 0.600000 0.633333 0.666667 0.700000 0.733333 0.766667 0.800000 0.833333 0.866667 0.900000</float_array><technique_common><accessor source="#mixamorig_Spine2-Matrix-animation-input-array" count="28"><param name="TIME" type="float"/></accessor></technique_common></source><source id="mixamorig_Spine2-Matrix-animation-output-transform"><float_array id="mixamorig_Spine2-Matrix-animation-output-transform-array" count="448">

0.996945 0.077178 0.012030 -0.050500 -0.076382 0.995473 -0.056569 12.654000 -0.016342 0.055477 0.998326 -1.856100 0.000000 0.000000 0.000000 1.000000
0.992093 0.118222 0.042138 -0.050500 -0.116176 0.992064 -0.048085 12.654000 -0.047488 0.042809 0.997954 -1.856100 0.000000 0.000000 0.000000 1.000000
0.988161 0.138706 0.065562 -0.050500 -0.133846 0.988274 -0.073488 12.654000 -0.074986 0.063843 0.995139 -1.856100 0.000000 0.000000 0.000000 1.000000
0.990375 0.115213 0.076699 -0.050500 -0.108718 0.990511 -0.084070 12.654000 -0.085657 0.074922 0.993504 -1.856100 0.000000 0.000000 0.000000 1.000000
0.993241 0.086845 0.077002 -0.050500 -0.081531 0.994233 -0.069662 12.654000 -0.082607 0.062913 0.994594 -1.856100 0.000000 0.000000 0.000000 1.000000
0.995321 0.065154 0.071356 -0.050500 -0.060766 0.996222 -0.062038 12.654000 -0.075129 0.057412 0.995520 -1.856100 0.000000 0.000000 0.000000 1.000000
0.996626 0.048902 0.065912 -0.050500 -0.044748 0.997004 -0.063090 12.654000 -0.068800 0.059928 0.995829 -1.856100 0.000000 0.000000 0.000000 1.000000
0.997177 0.039516 0.063848 -0.050500 -0.035390 0.997290 -0.064500 12.654000 -0.066224 0.062058 0.995873 -1.856100 0.000000 0.000000 0.000000 1.000000
0.997140 0.039250 0.064579 -0.050500 -0.035407 0.997594 -0.059611 12.654000 -0.066763 0.057154 0.996131 -1.856100 0.000000 0.000000 0.000000 1.000000
0.997152 0.038062 0.065109 -0.050500 -0.034550 0.997931 -0.054230 12.654000 -0.067038 0.051826 0.996404 -1.856100 0.000000 0.000000 0.000000 1.000000
0.997638 0.031179 0.061205 -0.050500 -0.028403 0.998551 -0.045705 12.654000 -0.062541 0.043859 0.997078 -1.856100 0.000000 0.000000 0.000000 1.000000
0.998548 0.015841 0.051490 -0.050500 -0.014173 0.999368 -0.032599 12.654000 -0.051973 0.031821 0.998141 -1.856100 0.000000 0.000000 0.000000 1.000000
0.999289 -0.004887 0.037375 -0.050500 0.005565 0.999822 -0.018053 12.654000 -0.037280 0.018248 0.999138 -1.856100 0.000000 0.000000 0.000000 1.000000
0.999384 -0.027493 0.021795 -0.050500 0.027721 0.999563 -0.010246 12.654000 -0.021503 0.010844 0.999710 -1.856100 0.000000 0.000000 0.000000 1.000000
0.998776 -0.048888 0.007569 -0.050500 0.049007 0.998661 -0.016567 12.654000 -0.006749 0.016917 0.999834 -1.856100 0.000000 0.000000 0.000000 1.000000
0.997823 -0.065779 -0.004754 -0.050500 0.065557 0.997150 -0.037326 12.654000 0.007196 0.036933 0.999292 -1.856100 0.000000 0.000000 0.000000 1.000000
0.997152 -0.073518 -0.016802 -0.050500 0.072308 0.995337 -0.063848 12.654000 0.021417 0.062451 0.997818 -1.856100 0.000000 0.000000 0.000000 1.000000
0.997086 -0.069904 -0.030554 -0.050500 0.067259 0.994492 -0.080385 12.654000 0.036005 0.078096 0.996295 -1.856100 0.000000 0.000000 0.000000 1.000000
0.997048 -0.061799 -0.045563 -0.050500 0.058201 0.995371 -0.076475 12.654000 0.050079 0.073598 0.996030 -1.856100 0.000000 0.000000 0.000000 1.000000
0.996908 -0.051807 -0.059087 -0.050500 0.047776 0.996560 -0.067712 12.654000 0.062391 0.064679 0.995954 -1.856100 0.000000 0.000000 0.000000 1.000000
0.996845 -0.043593 -0.066326 -0.050500 0.038995 0.996846 -0.069116 12.654000 0.069130 0.066311 0.995401 -1.856100 0.000000 0.000000 0.000000 1.000000
0.997108 -0.035055 -0.067423 -0.050500 0.029810 0.996563 -0.077295 12.654000 0.069901 0.075062 0.994726 -1.856100 0.000000 0.000000 0.000000 1.000000
0.997409 -0.033251 -0.063787 -0.050500 0.027359 0.995464 -0.091123 12.654000 0.066528 0.089142 0.993795 -1.856100 0.000000 0.000000 0.000000 1.000000
0.997668 -0.037447 -0.057058 -0.050500 0.031682 0.994604 -0.098787 12.654000 0.060450 0.096749 0.993471 -1.856100 0.000000 0.000000 0.000000 1.000000
0.998417 -0.030422 -0.047309 -0.050500 0.026161 0.995758 -0.088211 12.654000 0.049792 0.086834 0.994978 -1.856100 0.000000 0.000000 0.000000 1.000000
0.999503 -0.003716 -0.031291 -0.050500 0.001529 0.997572 -0.069625 12.654000 0.031474 0.069543 0.997082 -1.856100 0.000000 0.000000 0.000000 1.000000
0.999294 0.036170 -0.010199 -0.050500 -0.036721 0.997506 -0.060276 12.654000 0.007993 0.060608 0.998130 -1.856100 0.000000 0.000000 0.000000 1.000000
0.996945 0.077178 0.012030 -0.050500 -0.076382 0.995473 -0.056569 12.654000 -0.016342 0.055477 0.998326 -1.856100 0.000000 0.000000 0.000000 1.000000</float_array><technique_common><accessor source="#mixamorig_Spine2-Matrix-animation-output-transform-array" count="28" stride="16"><param type="float4x4"/></accessor></technique_common></source><source id="mixamorig_Spine2-Interpolations"><Name_array id="mixamorig_Spine2-Interpolations-array" count="28">
 LINEAR LINEAR LINEAR LINEAR LINEAR LINEAR LINEAR LINEAR LINEAR LINEAR LINEAR
LINEAR LINEAR LINEAR LINEAR LINEAR LINEAR LINEAR LINEAR LINEAR LINEAR LINEAR LINEAR
LINEAR LINEAR LINEAR LINEAR LINEAR</Name_array><technique_common><accessor source="#mixamorig_Spine2-Interpolations-array" count="28"><param type="name"/></accessor></technique_common></source><sampler id="mixamorig_Spine2-Matrix-animation-transform"><input semantic="INPUT" source="#mixamorig_Spine2-Matrix-animation-input"/><input semantic="OUTPUT" source="#mixamorig_Spine2-Matrix-animation-output-transform"/><input semantic="INTERPOLATION" source="#mixamorig_Spine2-Interpolations"/></sampler><channel source="#mixamorig_Spine2-Matrix-animation-transform" target="mixamorig_Spine2/matrix"/></animation>
    <animation id="mixamorig_Neck-anim" name="mixamorig_Neck"><source id="mixamorig_Neck-Matrix-animation-input"><float_array id="mixamorig_Neck-Matrix-animation-input-array" count="28">

0.000000 0.033333 0.066667 0.100000 0.133333 0.166667 0.200000 0.233333 0.266667 0.300000 0.333333 0.366667 0.400000 0.433333 0.466667 0.500000
0.533333 0.566667 0.600000 0.633333 0.666667 0.700000 0.733333 0.766667 0.800000 0.833333 0.866667 0.900000</float_array><technique_common><accessor source="#mixamorig_Neck-Matrix-animation-input-array" count="28"><param name="TIME" type="float"/></accessor></technique_common></source><source id="mixamorig_Neck-Matrix-animation-output-transform"><float_array id="mixamorig_Neck-Matrix-animation-output-transform-array" count="448">

0.999976 0.005700 0.004041 -0.056900 -0.004347 0.960371 -0.278692 14.235800 -0.005470 0.278668 0.960372 -2.088100 0.000000 0.000000 0.000000 1.000000
0.997689 0.064827 -0.020337 -0.056900 -0.067804 0.969044 -0.237394 14.235800 0.004318 0.238224 0.971201 -2.088100 0.000000 0.000000 0.000000 1.000000
0.990642 0.132375 -0.033251 -0.056900 -0.135935 0.978801 -0.153200 14.235800 0.012266 0.156286 0.987636 -2.088100 0.000000 0.000000 0.000000 1.000000
0.981499 0.190165 -0.022291 -0.056900 -0.190839 0.981049 -0.033512 14.235800 0.015495 0.037146 0.999190 -2.088100 0.000000 0.000000 0.000000 1.000000
0.978861 0.204303 -0.009535 -0.056900 -0.203460 0.977456 0.056417 14.235800 0.020846 -0.053284 0.998362 -2.088100 0.000000 0.000000 0.000000 1.000000
0.984139 0.176683 -0.015897 -0.056900 -0.175181 0.982055 0.069859 14.235800 0.027955 -0.065966 0.997430 -2.088100 0.000000 0.000000 0.000000 1.000000
0.989970 0.138538 -0.027679 -0.056900 -0.137022 0.989270 0.050702 14.235800 0.034406 -0.046401 0.998330 -2.088100 0.000000 0.000000 0.000000 1.000000
0.992923 0.112206 -0.038902 -0.056900 -0.111895 0.993669 0.010095 14.235800 0.039788 -0.005670 0.999192 -2.088100 0.000000 0.000000 0.000000 1.000000
0.993826 0.100827 -0.046309 -0.056900 -0.102046 0.994472 -0.024748 14.235800 0.043557 0.029321 0.998621 -2.088100 0.000000 0.000000 0.000000 1.000000
0.994131 0.096268 -0.049358 -0.056900 -0.098159 0.994467 -0.037422 14.235800 0.045482 0.042047 0.998080 -2.088100 0.000000 0.000000 0.000000 1.000000
0.994875 0.088421 -0.049051 -0.056900 -0.090371 0.995141 -0.039077 14.235800 0.045357 0.043309 0.998032 -2.088100 0.000000 0.000000 0.000000 1.000000
0.996337 0.071604 -0.046748 -0.056900 -0.073822 0.996136 -0.047580 14.235800 0.043160 0.050857 0.997773 -2.088100 0.000000 0.000000 0.000000 1.000000
0.997817 0.049720 -0.043468 -0.056900 -0.052476 0.996520 -0.064761 14.235800 0.040097 0.066901 0.996954 -2.088100 0.000000 0.000000 0.000000 1.000000
0.998775 0.028761 -0.040270 -0.056900 -0.032032 0.996026 -0.083107 14.235800 0.037720 0.084295 0.995727 -2.088100 0.000000 0.000000 0.000000 1.000000
0.999201 0.014663 -0.037192 -0.056900 -0.018488 0.994335 -0.104669 14.235800 0.035447 0.105273 0.993811 -2.088100 0.000000 0.000000 0.000000 1.000000
0.999397 0.013840 -0.031852 -0.056900 -0.017843 0.991481 -0.129023 14.235800 0.029795 0.129514 0.991130 -2.088100 0.000000 0.000000 0.000000 1.000000
0.999386 0.027054 -0.022243 -0.056900 -0.030219 0.987110 -0.157166 14.235800 0.017704 0.157742 0.987322 -2.088100 0.000000 0.000000 0.000000 1.000000
0.999274 0.036847 -0.009672 -0.056900 -0.037998 0.982204 -0.183932 14.235800 0.002722 0.184166 0.982891 -2.088100 0.000000 0.000000 0.000000 1.000000
0.999901 0.013154 0.004916 -0.056900 -0.011895 0.979448 -0.201346 14.235800 -0.007464 0.201268 0.979508 -2.088100 0.000000 0.000000 0.000000 1.000000
0.999023 -0.036938 0.024261 -0.056900 0.041351 0.975006 -0.218297 14.235800 -0.015591 0.219087 0.975581 -2.088100 0.000000 0.000000 0.000000 1.000000
0.996797 -0.065645 0.045679 -0.056900 0.074841 0.967011 -0.243491 14.235800 -0.028189 0.246130 0.968827 -2.088100 0.000000 0.000000 0.000000 1.000000
0.996787 -0.054432 0.058762 -0.056900 0.068277 0.960996 -0.268002 14.235800 -0.041882 0.271153 0.961625 -2.088100 0.000000 0.000000 0.000000 1.000000
0.997706 -0.033845 0.058629 -0.056900 0.048931 0.959029 -0.279049 14.235800 -0.046782 0.281278 0.958485 -2.088100 0.000000 0.000000 0.000000 1.000000
0.998257 -0.027723 0.052097 -0.056900 0.041555 0.957038 -0.286968 14.235800 -0.041903 0.288633 0.956522 -2.088100 0.000000 0.000000 0.000000 1.000000
0.998735 -0.026576 0.042694 -0.056900 0.037937 0.955446 -0.292719 14.235800 -0.033012 0.293968 0.955245 -2.088100 0.000000 0.000000 0.000000 1.000000
0.999191 -0.025032 0.031481 -0.056900 0.033226 0.954813 -0.295343 14.235800 -0.022665 0.296150 0.954872 -2.088100 0.000000 0.000000 0.000000 1.000000
0.999653 -0.017697 0.019511 -0.056900 0.022652 0.955582 -0.293854 14.235800 -0.013444 0.294194 0.955651 -2.088100 0.000000 0.000000 0.000000 1.000000
0.999976 0.005700 0.004041 -0.056900 -0.004347 0.960371 -0.278692 14.235800 -0.005470 0.278668 0.960372 -2.088100 0.000000 0.000000 0.000000 1.000000</float_array><technique_common><accessor source="#mixamorig_Neck-Matrix-animation-output-transform-array" count="28" stride="16"><param type="float4x4"/></accessor></technique_common></source><source id="mixamorig_Neck-Interpolations"><Name_array id="mixamorig_Neck-Interpolations-array" count="28">
 LINEAR LINEAR LINEAR LINEAR LINEAR LINEAR LINEAR LINEAR LINEAR LINEAR LINEAR
LINEAR LINEAR LINEAR LINEAR LINEAR LINEAR LINEAR LINEAR LINEAR LINEAR LINEAR LINEAR
LINEAR LINEAR LINEAR LINEAR LINEAR</Name_array><technique_common><accessor source="#mixamorig_Neck-Interpolations-array" count="28"><param type="name"/></accessor></technique_common></source><sampler id="mixamorig_Neck-Matrix-animation-transform"><input semantic="INPUT" source="#mixamorig_Neck-Matrix-animation-input"/><input semantic="OUTPUT" source="#mixamorig_Neck-Matrix-animation-output-transform"/><input semantic="INTERPOLATION" source="#mixamorig_Neck-Interpolations"/></sampler><channel source="#mixamorig_Neck-Matrix-animation-transform" target="mixamorig_Neck/matrix"/></animation>
    <animation id="mixamorig_Head-anim" name="mixamorig_Head"><source id="mixamorig_Head-Matrix-animation-input"><float_array id="mixamorig_Head-Matrix-animation-input-array" count="28">

0.000000 0.033333 0.066667 0.100000 0.133333 0.166667 0.200000 0.233333 0.266667 0.300000 0.333333 0.366667 0.400000 0.433333 0.466667 0.500000
0.533333 0.566667 0.600000 0.633333 0.666667 0.700000 0.733333 0.766667 0.800000 0.833333 0.866667 0.900000</float_array><technique_common><accessor source="#mixamorig_Head-Matrix-animation-input-array" count="28"><param name="TIME" type="float"/></accessor></technique_common></source><source id="mixamorig_Head-Matrix-animation-output-transform"><float_array id="mixamorig_Head-Matrix-animation-output-transform-array" count="448">

0.999199 0.039099 -0.008464 0.000000 -0.030714 0.885346 0.463917 3.280200 0.025633 -0.463286 0.885838 0.313300 0.000000 0.000000 0.000000 1.000000
0.984425 0.079131 -0.156990 0.000000 -0.019229 0.936081 0.351258 3.280200 0.174751 -0.342769 0.923023 0.313300 0.000000 0.000000 0.000000 1.000000
0.946090 0.045804 -0.320649 0.000000 0.007049 0.986805 0.161761 3.280200 0.323827 -0.155301 0.933283 0.313300 0.000000 0.000000 0.000000 1.000000
0.908961 -0.115335 -0.400609 -0.000000 0.094098 0.992930 -0.072360 3.280200 0.406122 0.028076 0.913387 0.313300 0.000000 0.000000 0.000000 1.000000
0.894391 -0.247730 -0.372418 0.000000 0.178421 0.961102 -0.210827 3.280200 0.410160 0.122115 0.903801 0.313300 0.000000 0.000000 0.000000 1.000000
0.889634 -0.286901 -0.355300 0.000000 0.218440 0.950581 -0.220633 3.280200 0.401042 0.118671 0.908341 0.313300 0.000000 0.000000 0.000000 1.000000
0.886479 -0.302638 -0.350093 0.000000 0.234712 0.946028 -0.223475 3.280200 0.398829 0.115935 0.909667 0.313300 0.000000 0.000000 0.000000 1.000000
0.871309 -0.327217 -0.365719 0.000000 0.251473 0.937677 -0.239839 3.280200 0.421406 0.117005 0.899293 0.313300 0.000000 0.000000 0.000000 1.000000
0.854903 -0.344185 -0.388172 0.000000 0.261801 0.932188 -0.249971 3.280200 0.447886 0.112077 0.887038 0.313300 0.000000 0.000000 0.000000 1.000000
0.852751 -0.338077 -0.398144 -0.000000 0.258195 0.935466 -0.241327 3.280200 0.454038 0.102993 0.885010 0.313300 0.000000 0.000000 0.000000 1.000000
0.868017 -0.310070 -0.387819 0.000000 0.241697 0.946124 -0.215481 3.280200 0.433739 0.093307 0.896194 0.313300 0.000000 0.000000 0.000000 1.000000
0.894509 -0.266988 -0.358567 0.000000 0.214480 0.960039 -0.179786 3.280200 0.392239 0.083915 0.916028 0.313300 0.000000 0.000000 0.000000 1.000000
0.923998 -0.212585 -0.317861 -0.000000 0.176332 0.974449 -0.139127 3.280200 0.339316 0.072504 0.937874 0.313300 0.000000 0.000000 0.000000 1.000000
0.949018 -0.153564 -0.275288 0.000000 0.131010 0.986462 -0.098640 3.280200 0.286709 0.057545 0.956288 0.313300 0.000000 0.000000 0.000000 1.000000
0.966321 -0.096535 -0.238548 -0.000000 0.083372 0.994417 -0.064690 3.280200 0.243461 0.042624 0.968974 0.313300 0.000000 0.000000 0.000000 1.000000
0.978387 -0.043902 -0.202067 0.000000 0.034028 0.998063 -0.052083 3.280200 0.203962 0.044081 0.977986 0.313300 0.000000 0.000000 0.000000 1.000000
0.988070 0.005103 -0.153921 0.000000 -0.013931 0.998315 -0.056329 3.280200 0.153374 0.057802 0.986476 0.313300 0.000000 0.000000 0.000000 1.000000
0.995492 0.040416 -0.085803 0.000000 -0.044402 0.997996 -0.045072 3.280200 0.083810 0.048679 0.995292 0.313300 0.000000 0.000000 0.000000 1.000000
0.999101 0.041821 0.006937 0.000000 -0.041875 0.999092 0.007889 3.280200 -0.006600 -0.008173 0.999945 0.313300 0.000000 0.000000 0.000000 1.000000
0.993800 0.001111 0.111175 0.000000 -0.011298 0.995783 0.091047 3.280200 -0.110605 -0.091738 0.989621 0.313300 0.000000 0.000000 0.000000 1.000000
0.978617 -0.034800 0.202725 0.000000 0.001101 0.986456 0.164022 3.280200 -0.205687 -0.160292 0.965401 0.313300 0.000000 0.000000 0.000000 1.000000
0.962465 -0.007851 0.271292 0.000000 -0.046235 0.980227 0.192399 3.280200 -0.267439 -0.197720 0.943071 0.313300 0.000000 0.000000 0.000000 1.000000
0.958002 0.034258 0.284706 0.000000 -0.096671 0.973304 0.208170 3.280200 -0.269974 -0.226950 0.935739 0.313300 0.000000 0.000000 0.000000 1.000000
0.966019 0.043348 0.254810 0.000000 -0.113858 0.956400 0.268954 3.280200 -0.232041 -0.288827 0.928836 0.313300 0.000000 0.000000 0.000000 1.000000
0.977810 0.040157 0.205609 0.000000 -0.110718 0.932248 0.344464 3.280200 -0.177846 -0.359586 0.916007 0.313300 0.000000 0.000000 0.000000 1.000000
0.988940 0.033700 0.144440 0.000000 -0.091612 0.904660 0.416170 3.280200 -0.116644 -0.424799 0.897742 0.313300 0.000000 0.000000 0.000000 1.000000
0.996335 0.032070 0.079293 0.000000 -0.065551 0.881818 0.467013 3.280200 -0.054944 -0.470499 0.880688 0.313300 0.000000 0.000000 0.000000 1.000000
0.999199 0.039099 -0.008464 0.000000 -0.030714 0.885346 0.463917 3.280200 0.025633 -0.463286 0.885838 0.313300 0.000000 0.000000 0.000000 1.000000</float_array><technique_common><accessor source="#mixamorig_Head-Matrix-animation-output-transform-array" count="28" stride="16"><param type="float4x4"/></accessor></technique_common></source><source id="mixamorig_Head-Interpolations"><Name_array id="mixamorig_Head-Interpolations-array" count="28">
 LINEAR LINEAR LINEAR LINEAR LINEAR LINEAR LINEAR LINEAR LINEAR LINEAR LINEAR
LINEAR LINEAR LINEAR LINEAR LINEAR LINEAR LINEAR LINEAR LINEAR LINEAR LINEAR LINEAR
LINEAR LINEAR LINEAR LINEAR LINEAR</Name_array><technique_common><accessor source="#mixamorig_Head-Interpolations-array" count="28"><param type="name"/></accessor></technique_common></source><sampler id="mixamorig_Head-Matrix-animation-transform"><input semantic="INPUT" source="#mixamorig_Head-Matrix-animation-input"/><input semantic="OUTPUT" source="#mixamorig_Head-Matrix-animation-output-transform"/><input semantic="INTERPOLATION" source="#mixamorig_Head-Interpolations"/></sampler><channel source="#mixamorig_Head-Matrix-animation-transform" target="mixamorig_Head/matrix"/></animation>
    <animation id="mixamorig_LeftShoulder-anim" name="mixamorig_LeftShoulder"><source id="mixamorig_LeftShoulder-Matrix-animation-input"><float_array id="mixamorig_LeftShoulder-Matrix-animation-input-array" count="28">

0.000000 0.033333 0.066667 0.100000 0.133333 0.166667 0.200000 0.233333 0.266667 0.300000 0.333333 0.366667 0.400000 0.433333 0.466667 0.500000
0.533333 0.566667 0.600000 0.633333 0.666667 0.700000 0.733333 0.766667 0.800000 0.833333 0.866667 0.900000</float_array><technique_common><accessor source="#mixamorig_LeftShoulder-Matrix-animation-input-array" count="28"><param name="TIME" type="float"/></accessor></technique_common></source><source id="mixamorig_LeftShoulder-Matrix-animation-output-transform"><float_array id="mixamorig_LeftShoulder-Matrix-animation-output-transform-array" count="448">

0.992326 -0.097907 -0.075520 6.728800 0.096801 0.995138 -0.018175 11.756600 0.076932 0.010725 0.996979 -2.058500 0.000000 0.000000 0.000000 1.000000
0.996073 -0.088468 0.003347 6.728800 0.088500 0.996015 -0.011034 11.756600 -0.002358 0.011287 0.999934 -2.058500 0.000000 0.000000 0.000000 1.000000
0.994035 -0.044383 0.099622 6.728800 0.044729 0.998998 -0.001246 11.756600 -0.099467 0.005694 0.995025 -2.058500 0.000000 0.000000 0.000000 1.000000
0.984941 0.002353 0.172875 6.728800 -0.003459 0.999975 0.006098 11.756600 -0.172856 -0.006604 0.984925 -2.058500 0.000000 0.000000 0.000000 1.000000
0.977289 0.036654 0.208719 6.728800 -0.038993 0.999214 0.007100 11.756600 -0.208295 -0.015077 0.977950 -2.058500 0.000000 0.000000 0.000000 1.000000
0.974745 0.042527 0.219234 6.728800 -0.045206 0.998952 0.007215 11.756600 -0.218698 -0.016944 0.975646 -2.058500 0.000000 0.000000 0.000000 1.000000
0.975322 0.044211 0.216314 6.728800 -0.046788 0.998882 0.006805 11.756600 -0.215771 -0.016757 0.976300 -2.058500 0.000000 0.000000 0.000000 1.000000
0.980717 0.038214 0.191658 6.728800 -0.040124 0.999176 0.006096 11.756600 -0.191268 -0.013668 0.981443 -2.058500 0.000000 0.000000 0.000000 1.000000
0.986256 0.028923 0.162672 6.728800 -0.030186 0.999530 0.005298 11.756600 -0.162443 -0.010136 0.986666 -2.058500 0.000000 0.000000 0.000000 1.000000
0.989534 0.021982 0.142615 6.728800 -0.022875 0.999728 0.004627 11.756600 -0.142475 -0.007841 0.989767 -2.058500 0.000000 0.000000 0.000000 1.000000
0.991370 0.015007 0.130235 6.728800 -0.015713 0.999867 0.004397 11.756600 -0.130152 -0.006405 0.991473 -2.058500 0.000000 0.000000 0.000000 1.000000
0.992803 0.002767 0.119727 6.728800 -0.003354 0.999983 0.004704 11.756600 -0.119712 -0.005071 0.992796 -2.058500 0.000000 0.000000 0.000000 1.000000
0.993858 -0.015703 0.109541 6.728800 0.015198 0.999870 0.005442 11.756600 -0.109612 -0.003744 0.993967 -2.058500 0.000000 0.000000 0.000000 1.000000
0.993412 -0.043858 0.105873 6.728800 0.043311 0.999034 0.007458 11.756600 -0.106098 -0.002824 0.994352 -2.058500 0.000000 0.000000 0.000000 1.000000
0.989590 -0.097550 0.105806 6.728800 0.096850 0.995230 0.011750 11.756600 -0.106447 -0.001381 0.994317 -2.058500 0.000000 0.000000 0.000000 1.000000
0.983637 -0.152903 0.095280 6.728800 0.152265 0.988241 0.013979 11.756600 -0.096297 0.000757 0.995352 -2.058500 0.000000 0.000000 0.000000 1.000000
0.983439 -0.168096 0.067763 6.728800 0.167830 0.985769 0.009646 11.756600 -0.068420 0.001886 0.997655 -2.058500 0.000000 0.000000 0.000000 1.000000
