<?xml version="1.0" encoding="utf-8"?>
<COLLADA xmlns="http://www.collada.org/2005/11/COLLADASchema" version="1.4.1">
  <asset><contributor><author>Mixamo</author><authoring_tool>COLLADA Mixamo exporter</authoring_tool><comments></comments></contributor><created>2018-12-19T13:25:50Z</created><modified>2018-12-19T13:25:50Z</modified><revision></revision><title></title><unit meter="0.010000"/><up_axis>Y_UP</up_axis></asset>
  <library_animations>
    <animation id="mixamorig_Hips-anim" name="mixamorig_Hips"><source id="mixamorig_Hips-Matrix-animation-input"><float_array id="mixamorig_Hips-Matrix-animation-input-array" count="72">

0.000000 0.033333 0.066667 0.100000 0.133333 0.166667 0.200000 0.233333 0.266667 0.300000 0.333333 0.366667 0.400000 0.433333 0.466667 0.500000
0.533333 0.566667 0.600000 0.633333 0.666667 0.700000 0.733333 0.766667 0.800000 0.833333 0.866667 0.900000 0.933333 0.966667 1.000000 1.033333
1.066667 1.100000 1.133333 1.166667 1.200000 1.233333 1.266667 1.300000 1.333333 1.366667 1.400000 1.433333 1.466667 1.500000 1.533333 1.566667
1.600000 1.633333 1.666667 1.700000 1.733333 1.766667 1.800000 1.833333 1.866667 1.900000 1.933333 1.966667 2.000000 2.033333 2.066667 2.100000
2.133333 2.166667 2.200000 2.233333 2.266667 2.300000 2.333333 2.366667</float_array><technique_common><accessor source="#mixamorig_Hips-Matrix-animation-input-array" count="72"><param name="TIME" type="float"/></accessor></technique_common></source><source id="mixamorig_Hips-Matrix-animation-output-transform"><float_array id="mixamorig_Hips-Matrix-animation-output-transform-array" count="1152">

0.581009 -0.122209 -0.804670 -0.198333 -0.012887 0.987158 -0.159229 89.192932 0.813795 0.102883 0.571973 0.252974 0.000000 0.000000 0.000000 1.000000
0.584290 -0.124708 -0.801906 -0.241094 0.002536 0.988398 -0.151862 89.497070 0.811541 0.086698 0.577828 0.164578 0.000000 0.000000 0.000000 1.000000
0.590759 -0.121809 -0.797600 -0.245540 0.016716 0.990174 -0.138838 89.830147 0.806675 0.068688 0.586991 0.090229 0.000000 0.000000 0.000000 1.000000
0.598642 -0.118417 -0.792215 -0.168034 0.031691 0.991739 -0.124293 90.155830 0.800389 0.049301 0.597450 -0.058320 0.000000 0.000000 0.000000 1.000000
0.603179 -0.119060 -0.788670 0.058442 0.045317 0.992315 -0.115143 90.320755 0.796317 0.033712 0.603939 -0.348056 0.000000 0.000000 0.000000 1.000000
0.605398 -0.118900 -0.786992 0.499222 0.049658 0.992495 -0.111748 90.101166 0.794373 0.028572 0.606759 -0.761530 0.000000 0.000000 0.000000 1.000000
0.608846 -0.121308 -0.783959 1.124951 0.046382 0.991992 -0.117476 89.462837 0.791932 0.035163 0.609596 -1.383688 0.000000 0.000000 0.000000 1.000000
0.607608 -0.138441 -0.782078 1.746219 0.043097 0.988988 -0.141584 88.615799 0.793067 0.052322 0.606883 -1.980268 0.000000 0.000000 0.000000 1.000000
0.595026 -0.159308 -0.787759 2.168877 0.040108 0.984823 -0.168864 87.798271 0.802705 0.068883 0.592385 -2.349221 0.000000 0.000000 0.000000 1.000000
0.568963 -0.173780 -0.803792 2.369038 0.037410 0.981875 -0.185801 87.056793 0.821512 0.075644 0.565152 -2.452895 0.000000 0.000000 0.000000 1.000000
0.532778 -0.181971 -0.826459 2.447082 0.037330 0.980710 -0.191869 86.310318 0.845432 0.071372 0.529293 -2.381776 0.000000 0.000000 0.000000 1.000000
0.497923 -0.181255 -0.848068 2.253890 0.039452 0.981636 -0.186639 85.633087 0.866323 0.059474 0.495930 -2.130844 0.000000 0.000000 0.000000 1.000000
0.475355 -0.153046 -0.866380 1.338107 0.042454 0.987596 -0.151166 85.455750 0.878769 0.035076 0.475956 -1.659634 0.000000 0.000000 0.000000 1.000000
0.467437 -0.084131 -0.880014 -0.580778 0.043338 0.996445 -0.072243 86.357323 0.882963 -0.004369 0.469422 -0.955965 0.000000 0.000000 0.000000 1.000000
0.472395 0.011552 -0.881311 -3.319210 0.034861 0.998887 0.031779 88.596031 0.880697 -0.045736 0.471467 0.031113 0.000000 0.000000 0.000000 1.000000
0.481787 0.088173 -0.871841 -6.151440 0.021690 0.993420 0.112455 91.640160 0.876020 -0.073090 0.476704 0.746960 0.000000 0.000000 0.000000 1.000000
0.484423 0.125681 -0.865759 -8.708373 0.016210 0.988167 0.152521 94.242516 0.874684 -0.087918 0.476654 1.023841 0.000000 0.000000 0.000000 1.000000
0.478748 0.128244 -0.868535 -10.387355 0.018061 0.987626 0.155784 95.594154 0.877767 -0.090268 0.470508 1.128611 0.000000 0.000000 0.000000 1.000000
0.476160 0.119985 -0.871135 -11.197365 0.017289 0.989179 0.145694 96.018814 0.879189 -0.084435 0.468932 1.197324 0.000000 0.000000 0.000000 1.000000
0.476898 0.109868 -0.872065 -11.663988 0.015022 0.990993 0.133066 96.166725 0.878830 -0.076559 0.470952 1.268040 0.000000 0.000000 0.000000 1.000000
0.479051 0.099044 -0.872181 -11.984585 0.012059 0.992778 0.119362 96.193596 0.877704 -0.067699 0.474397 1.342271 0.000000 0.000000 0.000000 1.000000
0.481825 0.088319 -0.871805 -12.194199 0.008993 0.994357 0.105704 96.144608 0.876221 -0.058771 0.478311 1.413391 0.000000 0.000000 0.000000 1.000000
0.484431 0.078572 -0.871294 -12.325635 0.006194 0.995626 0.093227 96.062584 0.874808 -0.050559 0.481825 1.478233 0.000000 0.000000 0.000000 1.000000
0.486056 0.070610 -0.871071 -12.412251 0.004123 0.996534 0.083081 95.989174 0.873918 -0.043973 0.484080 1.530635 0.000000 0.000000 0.000000 1.000000
0.485755 0.065865 -0.871610 -12.437263 0.003449 0.997005 0.077263 95.952026 0.874088 -0.040537 0.484072 1.560066 0.000000 0.000000 0.000000 1.000000
0.483359 0.065552 -0.872964 -12.287416 0.004206 0.997007 0.077195 95.888275 0.875412 -0.040984 0.481637 1.558772 0.000000 0.000000 0.000000 1.000000
0.480179 0.066049 -0.874680 -12.160213 0.004339 0.996970 0.077665 95.808571 0.877160 -0.041088 0.478438 1.557326 0.000000 0.000000 0.000000 1.000000
0.477243 0.066817 -0.876228 -12.040525 0.004322 0.996915 0.078374 95.735275 0.878761 -0.041191 0.475482 1.555465 0.000000 0.000000 0.000000 1.000000
0.474548 0.067575 -0.877632 -11.920579 0.004194 0.996864 0.079023 95.671898 0.880220 -0.041181 0.472776 1.554637 0.000000 0.000000 0.000000 1.000000
0.471924 0.068396 -0.878982 -11.797750 0.003990 0.996810 0.079707 95.618530 0.881630 -0.041123 0.470145 1.553744 0.000000 0.000000 0.000000 1.000000
0.469370 0.069255 -0.880281 -11.673933 0.003740 0.996755 0.080412 95.578224 0.882993 -0.041035 0.467588 1.552479 0.000000 0.000000 0.000000 1.000000
0.466885 0.070111 -0.881534 -11.575278 0.003500 0.996698 0.081124 95.549744 0.884311 -0.040961 0.465098 1.503652 0.000000 0.000000 0.000000 1.000000
0.464459 0.070929 -0.882749 -11.514051 0.003323 0.996641 0.081829 95.529785 0.885588 -0.040940 0.462663 1.386860 0.000000 0.000000 0.000000 1.000000
0.462103 0.071706 -0.883922 -11.470682 0.003184 0.996585 0.082510 95.519363 0.886820 -0.040943 0.460297 1.244208 0.000000 0.000000 0.000000 1.000000
0.459821 0.072438 -0.885052 -11.425759 0.003063 0.996532 0.083154 95.519440 0.888006 -0.040947 0.458005 1.117690 0.000000 0.000000 0.000000 1.000000
0.457619 0.073117 -0.886137 -11.359812 0.002949 0.996483 0.083744 95.531044 0.889144 -0.040936 0.455793 1.049086 0.000000 0.000000 0.000000 1.000000
0.455495 0.073718 -0.887181 -11.272360 0.002863 0.996439 0.084266 95.554680 0.890234 -0.040922 0.453662 1.042865 0.000000 0.000000 0.000000 1.000000
0.453448 0.074209 -0.888188 -11.179836 0.002848 0.996402 0.084704 95.590752 0.891278 -0.040938 0.451605 1.070485 0.000000 0.000000 0.000000 1.000000
0.451670 0.074379 -0.889079 -11.110572 0.003074 0.996383 0.084917 95.650253 0.892180 -0.041087 0.449808 1.123019 0.000000 0.000000 0.000000 1.000000
0.449803 0.074595 -0.890007 -11.060888 0.003312 0.996360 0.085183 95.733803 0.893122 -0.041264 0.447918 1.192517 0.000000 0.000000 0.000000 1.000000
0.448488 0.074489 -0.890680 -11.011071 0.002305 0.996421 0.084493 95.818268 0.893786 -0.039947 0.446711 1.280250 0.000000 0.000000 0.000000 1.000000
0.447494 0.074175 -0.891206 -10.956455 0.000988 0.996513 0.083436 95.892700 0.894286 -0.038217 0.445860 1.370853 0.000000 0.000000 0.000000 1.000000
0.446435 0.074051 -0.891747 -10.906253 0.000532 0.996548 0.083020 95.955612 0.894816 -0.037537 0.444855 1.446581 0.000000 0.000000 0.000000 1.000000
0.446037 0.073823 -0.891965 -10.868317 0.000214 0.996584 0.082589 96.015015 0.895014 -0.037029 0.444498 1.504853 0.000000 0.000000 0.000000 1.000000
0.446366 0.073490 -0.891828 -10.843276 -0.000193 0.996630 0.082030 96.077393 0.894851 -0.036443 0.444875 1.538626 0.000000 0.000000 0.000000 1.000000
0.447053 0.073416 -0.891490 -10.838198 -0.000492 0.996646 0.081829 96.143028 0.894507 -0.036143 0.445590 1.541553 0.000000 0.000000 0.000000 1.000000
0.447422 0.072995 -0.891339 -10.850300 -0.000695 0.996692 0.081273 96.210762 0.894323 -0.035744 0.445993 1.538703 0.000000 0.000000 0.000000 1.000000
0.446669 0.071900 -0.891805 -10.872651 -0.000854 0.996800 0.079937 96.270554 0.894699 -0.034943 0.445301 1.535307 0.000000 0.000000 0.000000 1.000000
0.445683 0.070945 -0.892375 -10.898190 -0.001068 0.996896 0.078722 96.320625 0.895190 -0.034132 0.444375 1.530891 0.000000 0.000000 0.000000 1.000000
0.445454 0.068937 -0.892647 -10.913898 -0.000685 0.997057 0.076659 96.390320 0.895304 -0.033536 0.444191 1.524716 0.000000 0.000000 0.000000 1.000000
0.446219 0.064341 -0.892608 -10.869882 0.000639 0.997389 0.072213 96.490356 0.894924 -0.032793 0.445013 1.517239 0.000000 0.000000 0.000000 1.000000
0.447955 0.058794 -0.892121 -10.706288 0.001798 0.997774 0.066660 96.578659 0.894054 -0.031465 0.446852 1.511002 0.000000 0.000000 0.000000 1.000000
0.449482 0.052632 -0.891738 -10.361878 0.002481 0.998185 0.060165 96.668411 0.893286 -0.029255 0.448536 1.505046 0.000000 0.000000 0.000000 1.000000
0.450040 0.045788 -0.891834 -9.774519 0.003613 0.998583 0.053091 96.864502 0.893001 -0.027115 0.449237 1.479956 0.000000 0.000000 0.000000 1.000000
0.451058 0.041410 -0.891533 -8.963942 0.005510 0.998775 0.049179 96.993378 0.892477 -0.027095 0.450278 1.417374 0.000000 0.000000 0.000000 1.000000
0.454172 0.038142 -0.890097 -8.018814 0.007487 0.998884 0.046624 96.664085 0.890882 -0.027839 0.453380 1.306196 0.000000 0.000000 0.000000 1.000000
0.459341 0.029377 -0.887774 -6.971858 0.009885 0.999222 0.038180 95.925751 0.888205 -0.026314 0.458693 1.177502 0.000000 0.000000 0.000000 1.000000
0.466042 0.016445 -0.884610 -5.841957 0.012640 0.999601 0.025242 94.820091 0.884672 -0.022945 0.465649 0.981021 0.000000 0.000000 0.000000 1.000000
0.473975 0.004936 -0.880524 -4.834151 0.016910 0.999749 0.014707 93.252518 0.880376 -0.021861 0.473772 0.773024 0.000000 0.000000 0.000000 1.000000
0.481471 -0.004792 -0.876449 -3.640581 0.022348 0.999727 0.006811 91.343300 0.876177 -0.022866 0.481447 0.768668 0.000000 0.000000 0.000000 1.000000
0.486972 -0.017970 -0.873233 -2.475523 0.029038 0.999569 -0.004376 89.518585 0.872935 -0.023225 0.487283 0.835595 0.000000 0.000000 0.000000 1.000000
0.492124 -0.041668 -0.869527 -1.391424 0.037510 0.998941 -0.026640 87.975571 0.869716 -0.019506 0.493166 0.890436 0.000000 0.000000 0.000000 1.000000
0.500415 -0.066632 -0.863218 -0.637858 0.041682 0.997732 -0.052851 87.011086 0.864782 -0.009533 0.502057 0.885369 0.000000 0.000000 0.000000 1.000000
0.513708 -0.082973 -0.853944 -0.269621 0.037649 0.996534 -0.074179 86.549759 0.857139 0.005956 0.515051 0.813439 0.000000 0.000000 0.000000 1.000000
0.529175 -0.095530 -0.843118 -0.062567 0.030395 0.995138 -0.093678 86.452751 0.847968 0.023946 0.529506 0.713657 0.000000 0.000000 0.000000 1.000000
0.545251 -0.104909 -0.831682 0.008956 0.021378 0.993555 -0.111313 86.641838 0.838000 0.042914 0.543980 0.598962 0.000000 0.000000 0.000000 1.000000
0.560391 -0.111825 -0.820645 -0.001967 0.011973 0.991834 -0.126976 87.018982 0.828142 0.061330 0.557153 0.483995 0.000000 0.000000 0.000000 1.000000
0.573098 -0.117119 -0.811074 -0.038780 0.003510 0.990076 -0.140486 87.491753 0.819479 0.077666 0.567822 0.382837 0.000000 0.000000 0.000000 1.000000
0.581931 -0.121724 -0.804077 -0.045063 -0.002730 0.988437 -0.151608 87.966827 0.813233 0.090421 0.574870 0.310253 0.000000 0.000000 0.000000 1.000000
0.584302 -0.123595 -0.802070 -0.074394 -0.006654 0.987572 -0.157027 88.412666 0.811509 0.097088 0.576218 0.278211 0.000000 0.000000 0.000000 1.000000
0.582820 -0.123018 -0.803236 -0.135593 -0.009791 0.987340 -0.158318 88.834633 0.812542 0.100135 0.574237 0.265247 0.000000 0.000000 0.000000 1.000000
0.581009 -0.122209 -0.804670 -0.198330 -0.012887 0.987158 -0.159229 89.192940 0.813795 0.102883 0.571973 0.252984 0.000000 0.000000 0.000000 1.000000</float_array><technique_common><accessor source="#mixamorig_Hips-Matrix-animation-output-transform-array" count="72" stride="16"><param type="float4x4"/></accessor></technique_common></source><source id="mixamorig_Hips-Interpolations"><Name_array id="mixamorig_Hips-Interpolations-array" count="72">
 LINEAR LINEAR LINEAR LINEAR LINEAR LINEAR LINEAR LINEAR LINEAR LINEAR LINEAR
LINEAR LINEAR LINEAR LINEAR LINEAR LINEAR LINEAR LINEAR LINEAR LINEAR LINEAR LINEAR
LINEAR LINEAR LINEAR LINEAR LINEAR LINEAR LINEAR LINEAR LINEAR LINEAR LINEAR LINEAR
LINEAR LINEAR LINEAR LINEAR LINEAR LINEAR LINEAR LINEAR LINEAR LINEAR LINEAR LINEAR
LINEAR LINEAR LINEAR LINEAR LINEAR LINEAR LINEAR LINEAR LINEAR LINEAR LINEAR LINEAR
LINEAR LINEAR LINEAR LINEAR LINEAR LINEAR LINEAR LINEAR LINEAR LINEAR LINEAR LINEAR
LINEAR</Name_array><technique_common><accessor source="#mixamorig_Hips-Interpolations-array" count="72"><param type="name"/></accessor></technique_common></source><sampler id="mixamorig_Hips-Matrix-animation-transform"><input semantic="INPUT" source="#mixamorig_Hips-Matrix-animation-input"/><input semantic="OUTPUT" source="#mixamorig_Hips-Matrix-animation-output-transform"/><input semantic="INTERPOLATION" source="#mixamorig_Hips-Interpolations"/></sampler><channel source="#mixamorig_Hips-Matrix-animation-transform" target="mixamorig_Hips/matrix"/></animation>
    <animation id="mixamorig_Spine-anim" name="mixamorig_Spine"><source id="mixamorig_Spine-Matrix-animation-input"><float_array id="mixamorig_Spine-Matrix-animation-input-array" count="72">

0.000000 0.033333 0.066667 0.100000 0.133333 0.166667 0.200000 0.233333 0.266667 0.300000 0.333333 0.366667 0.400000 0.433333 0.466667 0.500000
0.533333 0.566667 0.600000 0.633333 0.666667 0.700000 0.733333 0.766667 0.800000 0.833333 0.866667 0.900000 0.933333 0.966667 1.000000 1.033333
1.066667 1.100000 1.133333 1.166667 1.200000 1.233333 1.266667 1.300000 1.333333 1.366667 1.400000 1.433333 1.466667 1.500000 1.533333 1.566667
1.600000 1.633333 1.666667 1.700000 1.733333 1.766667 1.800000 1.833333 1.866667 1.900000 1.933333 1.966667 2.000000 2.033333 2.066667 2.100000
2.133333 2.166667 2.200000 2.233333 2.266667 2.300000 2.333333 2.366667</float_array><technique_common><accessor source="#mixamorig_Spine-Matrix-animation-input-array" count="72"><param name="TIME" type="float"/></accessor></technique_common></source><source id="mixamorig_Spine-Matrix-animation-output-transform"><float_array id="mixamorig_Spine-Matrix-animation-output-transform-array" count="1152">

0.996423 0.056379 0.062945 -0.038100 -0.047905 0.990506 -0.128850 9.490500 -0.069612 0.125374 0.989664 -1.392100 0.000000 0.000000 0.000000 1.000000
0.996599 0.056174 0.060285 -0.038100 -0.048116 0.990649 -0.127670 9.490500 -0.066893 0.124336 0.989983 -1.392100 0.000000 0.000000 0.000000 1.000000
0.996803 0.053268 0.059543 -0.038100 -0.045144 0.990443 -0.130327 9.490500 -0.065917 0.127223 0.989681 -1.392100 0.000000 0.000000 0.000000 1.000000
0.996590 0.051944 0.064105 -0.038100 -0.042928 0.989945 -0.134781 9.490500 -0.070462 0.131569 0.988800 -1.392100 0.000000 0.000000 0.000000 1.000000
0.994688 0.062803 0.081556 -0.038100 -0.050733 0.988501 -0.142449 9.490500 -0.089564 0.137554 0.986437 -1.392100 0.000000 0.000000 0.000000 1.000000
0.992352 0.073050 0.099502 -0.038100 -0.057020 0.986211 -0.155360 9.490500 -0.109479 0.148499 0.982834 -1.392100 0.000000 0.000000 0.000000 1.000000
0.992171 0.072831 0.101453 -0.038100 -0.054537 0.983471 -0.172658 9.490500 -0.112351 0.165773 0.979743 -1.392100 0.000000 0.000000 0.000000 1.000000
0.992686 0.070958 0.097666 -0.038100 -0.053524 0.983854 -0.170783 9.490500 -0.108207 0.164306 0.980456 -1.392100 0.000000 0.000000 0.000000 1.000000
0.993222 0.066685 0.095200 -0.038100 -0.051055 0.986106 -0.158079 9.490500 -0.104419 0.152147 0.982827 -1.392100 0.000000 0.000000 0.000000 1.000000
0.993875 0.056872 0.094751 -0.038100 -0.041965 0.987414 -0.152487 9.490500 -0.102230 0.147577 0.983753 -1.392100 0.000000 0.000000 0.000000 1.000000
0.993900 0.048997 0.098807 -0.038100 -0.033597 0.987824 -0.151904 9.490500 -0.105047 0.147657 0.983444 -1.392100 0.000000 0.000000 0.000000 1.000000
0.993933 0.046178 0.099820 -0.038100 -0.031026 0.988450 -0.148338 9.490500 -0.105517 0.144341 0.983886 -1.392100 0.000000 0.000000 0.000000 1.000000
0.995164 0.040988 0.089263 -0.038100 -0.028384 0.990005 -0.138144 9.490500 -0.094033 0.134942 0.986381 -1.392100 0.000000 0.000000 0.000000 1.000000
0.995301 0.041689 0.087392 -0.038100 -0.029211 0.989792 -0.139491 9.490500 -0.092315 0.136283 0.986359 -1.392100 0.000000 0.000000 0.000000 1.000000
0.996346 0.025849 0.081400 -0.038100 -0.013553 0.988875 -0.148130 9.490500 -0.084323 0.146485 0.985612 -1.392100 0.000000 0.000000 0.000000 1.000000
0.998102 0.000238 0.061586 -0.038100 0.007956 0.991116 -0.132764 9.490500 -0.061070 0.133002 0.989232 -1.392100 0.000000 0.000000 0.000000 1.000000
0.999408 -0.012127 0.032185 -0.038100 0.014774 0.996412 -0.083331 9.490500 -0.031059 0.083757 0.996002 -1.392100 0.000000 0.000000 0.000000 1.000000
0.999723 -0.016481 0.016820 -0.038100 0.017170 0.998983 -0.041687 9.490500 -0.016116 0.041964 0.998989 -1.392100 0.000000 0.000000 0.000000 1.000000
0.999796 -0.018354 0.008393 -0.038100 0.018493 0.999689 -0.016747 9.490500 -0.008083 0.016899 0.999825 -1.392100 0.000000 0.000000 0.000000 1.000000
0.999810 -0.019454 0.001567 -0.038100 0.019449 0.999806 0.003163 9.490500 -0.001628 -0.003132 0.999994 -1.392100 0.000000 0.000000 0.000000 1.000000
0.999778 -0.020617 -0.004258 -0.038100 0.020694 0.999608 0.018859 9.490500 0.003868 -0.018943 0.999813 -1.392100 0.000000 0.000000 0.000000 1.000000
0.999724 -0.021648 -0.009172 -0.038100 0.021924 0.999274 0.031165 9.490500 0.008491 -0.031358 0.999472 -1.392100 0.000000 0.000000 0.000000 1.000000
0.999657 -0.022563 -0.013312 -0.038100 0.023090 0.998896 0.040910 9.490500 0.012374 -0.041203 0.999074 -1.392100 0.000000 0.000000 0.000000 1.000000
0.999587 -0.023324 -0.016769 -0.038100 0.024120 0.998511 0.048922 9.490500 0.015603 -0.049307 0.998662 -1.392100 0.000000 0.000000 0.000000 1.000000
0.999522 -0.023903 -0.019605 -0.038100 0.024969 0.998117 0.056032 9.490500 0.018228 -0.056494 0.998236 -1.392100 0.000000 0.000000 0.000000 1.000000
0.999466 -0.024383 -0.021744 -0.038100 0.025547 0.998159 0.055009 9.490500 0.020363 -0.055535 0.998249 -1.392100 0.000000 0.000000 0.000000 1.000000
0.999428 -0.024707 -0.023104 -0.038100 0.025915 0.998229 0.053539 9.490500 0.021741 -0.054107 0.998298 -1.392100 0.000000 0.000000 0.000000 1.000000
0.999415 -0.024734 -0.023605 -0.038100 0.025933 0.998315 0.051918 9.490500 0.022281 -0.052500 0.998372 -1.392100 0.000000 0.000000 0.000000 1.000000
0.999448 -0.023753 -0.023233 -0.038100 0.024962 0.998271 0.053214 9.490500 0.021928 -0.053764 0.998313 -1.392100 0.000000 0.000000 0.000000 1.000000
0.999539 -0.022013 -0.020907 -0.038100 0.023097 0.998323 0.053089 9.490500 0.019703 -0.053548 0.998371 -1.392100 0.000000 0.000000 0.000000 1.000000
0.999635 -0.020053 -0.018096 -0.038100 0.020964 0.998446 0.051635 9.490500 0.017032 -0.051996 0.998502 -1.392100 0.000000 0.000000 0.000000 1.000000
0.999709 -0.018247 -0.015793 -0.038100 0.019019 0.998558 0.050192 9.490500 0.014854 -0.050478 0.998615 -1.392100 0.000000 0.000000 0.000000 1.000000
0.999757 -0.016220 -0.014951 -0.038100 0.016954 0.998586 0.050385 9.490500 0.014112 -0.050626 0.998618 -1.392100 0.000000 0.000000 0.000000 1.000000
0.999787 -0.013157 -0.015908 -0.038100 0.013955 0.998592 0.051179 9.490500 0.015212 -0.051390 0.998563 -1.392100 0.000000 0.000000 0.000000 1.000000
0.999825 -0.009814 -0.015912 -0.038100 0.010618 0.998631 0.051226 9.490500 0.015387 -0.051386 0.998560 -1.392100 0.000000 0.000000 0.000000 1.000000
0.999848 -0.007820 -0.015591 -0.038100 0.008613 0.998636 0.051495 9.490500 0.015167 -0.051621 0.998552 -1.392100 0.000000 0.000000 0.000000 1.000000
0.999827 -0.006395 -0.017492 -0.038100 0.007312 0.998572 0.052915 9.490500 0.017129 -0.053034 0.998446 -1.392100 0.000000 0.000000 0.000000 1.000000
0.999790 -0.005811 -0.019642 -0.038100 0.006885 0.998460 0.055046 9.490500 0.019292 -0.055170 0.998291 -1.392100 0.000000 0.000000 0.000000 1.000000
0.999775 -0.005971 -0.020367 -0.038100 0.007124 0.998349 0.056991 9.490500 0.019993 -0.057123 0.998167 -1.392100 0.000000 0.000000 0.000000 1.000000
0.999767 -0.005878 -0.020781 -0.038100 0.007074 0.998295 0.057944 9.490500 0.020405 -0.058078 0.998104 -1.392100 0.000000 0.000000 0.000000 1.000000
0.999719 -0.007120 -0.022619 -0.038100 0.008473 0.998145 0.060291 9.490500 0.022148 -0.060466 0.997925 -1.392100 0.000000 0.000000 0.000000 1.000000
0.999699 -0.007823 -0.023248 -0.038100 0.009235 0.998079 0.061254 9.490500 0.022724 -0.061450 0.997851 -1.392100 0.000000 0.000000 0.000000 1.000000
0.999674 -0.007480 -0.024423 -0.038100 0.008993 0.998007 0.062461 9.490500 0.023907 -0.062660 0.997749 -1.392100 0.000000 0.000000 0.000000 1.000000
0.999639 -0.007459 -0.025818 -0.038100 0.009090 0.997931 0.063643 9.490500 0.025290 -0.063855 0.997639 -1.392100 0.000000 0.000000 0.000000 1.000000
0.999596 -0.007085 -0.027532 -0.038100 0.008863 0.997844 0.065032 9.490500 0.027012 -0.065250 0.997503 -1.392100 0.000000 0.000000 0.000000 1.000000
0.999569 -0.006528 -0.028623 -0.038100 0.008410 0.997774 0.066156 9.490500 0.028128 -0.066368 0.997399 -1.392100 0.000000 0.000000 0.000000 1.000000
0.999553 -0.006114 -0.029253 -0.038100 0.008099 0.997638 0.068211 9.490500 0.028767 -0.068418 0.997242 -1.392100 0.000000 0.000000 0.000000 1.000000
0.999586 -0.005305 -0.028281 -0.038100 0.007342 0.997349 0.072392 9.490500 0.027822 -0.072570 0.996975 -1.392100 0.000000 0.000000 0.000000 1.000000
0.999606 -0.004812 -0.027668 -0.038100 0.006890 0.997121 0.075510 9.490500 0.027225 -0.075671 0.996761 -1.392100 0.000000 0.000000 0.000000 1.000000
0.999601 -0.003795 -0.028005 -0.038100 0.005978 0.996914 0.078274 9.490500 0.027621 -0.078410 0.996539 -1.392100 0.000000 0.000000 0.000000 1.000000
0.999546 -0.001732 -0.030083 -0.038100 0.004213 0.996573 0.082606 9.490500 0.029836 -0.082695 0.996128 -1.392100 0.000000 0.000000 0.000000 1.000000
0.999454 -0.002112 -0.032972 -0.038100 0.004938 0.996296 0.085844 9.490500 0.032668 -0.085960 0.995763 -1.392100 0.000000 0.000000 0.000000 1.000000
0.999349 -0.002873 -0.035959 -0.038100 0.006042 0.996074 0.088323 9.490500 0.035564 -0.088482 0.995443 -1.392100 0.000000 0.000000 0.000000 1.000000
0.999494 -0.006018 -0.031243 -0.038100 0.008856 0.995765 0.091506 9.490500 0.030560 -0.091736 0.995314 -1.392100 0.000000 0.000000 0.000000 1.000000
0.999644 -0.013302 -0.023111 -0.038100 0.015290 0.995994 0.088105 9.490500 0.021846 -0.088427 0.995843 -1.392100 0.000000 0.000000 0.000000 1.000000
0.999813 -0.011193 -0.015798 -0.038100 0.012178 0.997891 0.063752 9.490500 0.015051 -0.063933 0.997841 -1.392100 0.000000 0.000000 0.000000 1.000000
0.999941 -0.003044 -0.010425 -0.038100 0.003421 0.999334 0.036326 9.490500 0.010307 -0.036359 0.999286 -1.392100 0.000000 0.000000 0.000000 1.000000
0.999961 0.001201 -0.008710 -0.038100 -0.001147 0.999980 0.006274 9.490500 0.008718 -0.006264 0.999942 -1.392100 0.000000 0.000000 0.000000 1.000000
0.999982 0.005203 -0.002956 -0.038100 -0.005285 0.999585 -0.028327 9.490500 0.002807 0.028342 0.999594 -1.392100 0.000000 0.000000 0.000000 1.000000
0.999935 0.007351 0.008707 -0.038100 -0.006809 0.998135 -0.060658 9.490500 -0.009137 0.060595 0.998121 -1.392100 0.000000 0.000000 0.000000 1.000000
0.999686 0.009883 0.023016 -0.038100 -0.007748 0.995813 -0.091084 9.490500 -0.023820 0.090877 0.995577 -1.392100 0.000000 0.000000 0.000000 1.000000
0.999515 0.013653 0.027984 -0.038100 -0.010678 0.994537 -0.103838 9.490500 -0.029249 0.103489 0.994200 -1.392100 0.000000 0.000000 0.000000 1.000000
0.999490 0.017373 0.026810 -0.038100 -0.014481 0.994416 -0.104535 9.490500 -0.028476 0.104093 0.994160 -1.392100 0.000000 0.000000 0.000000 1.000000
0.999307 0.022882 0.029344 -0.038100 -0.019603 0.994010 -0.107518 9.490500 -0.031629 0.106868 0.993770 -1.392100 0.000000 0.000000 0.000000 1.000000
0.999016 0.029168 0.033422 -0.038100 -0.025274 0.993441 -0.111518 9.490500 -0.036455 0.110564 0.993200 -1.392100 0.000000 0.000000 0.000000 1.000000
0.998622 0.035728 0.038441 -0.038100 -0.031052 0.992759 -0.116037 9.490500 -0.042308 0.114683 0.992501 -1.392100 0.000000 0.000000 0.000000 1.000000
0.998155 0.042050 0.043808 -0.038100 -0.036501 0.992036 -0.120554 9.490500 -0.048528 0.118732 0.991740 -1.392100 0.000000 0.000000 0.000000 1.000000
0.997666 0.047631 0.048928 -0.038100 -0.041222 0.991360 -0.124526 9.490500 -0.054436 0.122218 0.991009 -1.392100 0.000000 0.000000 0.000000 1.000000
0.997230 0.051968 0.053212 -0.038100 -0.044838 0.990838 -0.127392 9.490500 -0.059345 0.124653 0.990424 -1.392100 0.000000 0.000000 0.000000 1.000000
0.996919 0.054264 0.056633 -0.038100 -0.046624 0.990619 -0.128452 9.490500 -0.063072 0.125416 0.990097 -1.392100 0.000000 0.000000 0.000000 1.000000
0.996674 0.055367 0.059792 -0.038100 -0.047310 0.990562 -0.128640 9.490500 -0.066350 0.125384 0.989887 -1.392100 0.000000 0.000000 0.000000 1.000000
0.996423 0.056376 0.062948 -0.038100 -0.047904 0.990511 -0.128814 9.490500 -0.069612 0.125338 0.989669 -1.392100 0.000000 0.000000 0.000000 1.000000</float_array><technique_common><accessor source="#mixamorig_Spine-Matrix-animation-output-transform-array" count="72" stride="16"><param type="float4x4"/></accessor></technique_common></source><source id="mixamorig_Spine-Interpolations"><Name_array id="mixamorig_Spine-Interpolations-array" count="72">
 LINEAR LINEAR LINEAR LINEAR LINEAR LINEAR LINEAR LINEAR LINEAR LINEAR LINEAR
LINEAR LINEAR LINEAR LINEAR LINEAR LINEAR LINEAR LINEAR LINEAR LINEAR LINEAR LINEAR
LINEAR LINEAR LINEAR LINEAR LINEAR LINEAR LINEAR LINEAR LINEAR LINEAR LINEAR LINEAR
LINEAR LINEAR LINEAR LINEAR LINEAR LINEAR LINEAR LINEAR LINEAR LINEAR LINEAR LINEAR
LINEAR LINEAR LINEAR LINEAR LINEAR LINEAR LINEAR LINEAR LINEAR LINEAR LINEAR LINEAR
LINEAR LINEAR LINEAR LINEAR LINEAR LINEAR LINEAR LINEAR LINEAR LINEAR LINEAR LINEAR
LINEAR</Name_array><technique_common><accessor source="#mixamorig_Spine-Interpolations-array" count="72"><param type="name"/></accessor></technique_common></source><sampler id="mixamorig_Spine-Matrix-animation-transform"><input semantic="INPUT" source="#mixamorig_Spine-Matrix-animation-input"/><input semantic="OUTPUT" source="#mixamorig_Spine-Matrix-animation-output-transform"/><input semantic="INTERPOLATION" source="#mixamorig_Spine-Interpolations"/></sampler><channel source="#mixamorig_Spine-Matrix-animation-transform" target="mixamorig_Spine/matrix"/></animation>
    <animation id="mixamorig_Spine1-anim" name="mixamorig_Spine1"><source id="mixamorig_Spine1-Matrix-animation-input"><float_array id="mixamorig_Spine1-Matrix-animation-input-array" count="72">

0.000000 0.033333 0.066667 0.100000 0.133333 0.166667 0.200000 0.233333 0.266667 0.300000 0.333333 0.366667 0.400000 0.433333 0.466667 0.500000
0.533333 0.566667 0.600000 0.633333 0.666667 0.700000 0.733333 0.766667 0.800000 0.833333 0.866667 0.900000 0.933333 0.966667 1.000000 1.033333
1.066667 1.100000 1.133333 1.166667 1.200000 1.233333 1.266667 1.300000 1.333333 1.366667 1.400000 1.433333 1.466667 1.500000 1.533333 1.566667
1.600000 1.633333 1.666667 1.700000 1.733333 1.766667 1.800000 1.833333 1.866667 1.900000 1.933333 1.966667 2.000000 2.033333 2.066667 2.100000
2.133333 2.166667 2.200000 2.233333 2.266667 2.300000 2.333333 2.366667</float_array><technique_common><accessor source="#mixamorig_Spine1-Matrix-animation-input-array" count="72"><param name="TIME" type="float"/></accessor></technique_common></source><source id="mixamorig_Spine1-Matrix-animation-output-transform"><float_array id="mixamorig_Spine1-Matrix-animation-output-transform-array" count="1152">

0.998870 -0.040556 0.024793 -0.044200 0.041082 0.998933 -0.021096 11.072300 -0.023911 0.022091 0.999470 -1.624100 0.000000 0.000000 0.000000 1.000000
0.999378 -0.026896 0.022799 -0.044200 0.027314 0.999461 -0.018219 11.072300 -0.022297 0.018831 0.999574 -1.624100 0.000000 0.000000 0.000000 1.000000
0.999706 -0.012195 0.020975 -0.044200 0.012509 0.999811 -0.014904 11.072300 -0.020790 0.015162 0.999669 -1.624100 0.000000 0.000000 0.000000 1.000000
0.999784 0.001751 0.020707 -0.044200 -0.001467 0.999905 -0.013718 11.072300 -0.020729 0.013684 0.999691 -1.624100 0.000000 0.000000 0.000000 1.000000
0.999612 0.012496 0.024913 -0.044200 -0.012149 0.999828 -0.014034 11.072300 -0.025084 0.013725 0.999591 -1.624100 0.000000 0.000000 0.000000 1.000000
0.999418 0.016007 0.030140 -0.044200 -0.015628 0.999796 -0.012762 11.072300 -0.030338 0.012284 0.999464 -1.624100 0.000000 0.000000 0.000000 1.000000
0.999419 0.014124 0.031011 -0.044200 -0.013754 0.999832 -0.012104 11.072300 -0.031177 0.011670 0.999446 -1.624100 0.000000 0.000000 0.000000 1.000000
0.999464 0.013234 0.029928 -0.044200 -0.012917 0.999859 -0.010760 11.072300 -0.030066 0.010367 0.999494 -1.624100 0.000000 0.000000 0.000000 1.000000
0.999490 0.013386 0.029007 -0.044200 -0.013167 0.999883 -0.007731 11.072300 -0.029107 0.007345 0.999549 -1.624100 0.000000 0.000000 0.000000 1.000000
0.999498 0.013910 0.028455 -0.044200 -0.013760 0.999890 -0.005473 11.072300 -0.028528 0.005079 0.999580 -1.624100 0.000000 0.000000 0.000000 1.000000
0.999457 0.015091 0.029298 -0.044200 -0.015002 0.999882 -0.003275 11.072300 -0.029344 0.002833 0.999565 -1.624100 0.000000 0.000000 0.000000 1.000000
0.999454 0.014980 0.029458 -0.044200 -0.014940 0.999887 -0.001587 11.072300 -0.029479 0.001146 0.999565 -1.624100 0.000000 0.000000 0.000000 1.000000
0.999572 0.013160 0.026128 -0.044200 -0.013112 0.999912 -0.002012 11.072300 -0.026152 0.001668 0.999657 -1.624100 0.000000 0.000000 0.000000 1.000000
0.999619 0.010496 0.025514 -0.044200 -0.010347 0.999929 -0.005960 11.072300 -0.025574 0.005694 0.999657 -1.624100 0.000000 0.000000 0.000000 1.000000
0.999713 0.006130 0.023157 -0.044200 -0.005992 0.999964 -0.006002 11.072300 -0.023193 0.005862 0.999714 -1.624100 0.000000 0.000000 0.000000 1.000000
0.999862 0.002762 0.016411 -0.044200 -0.002807 0.999992 0.002688 11.072300 -0.016403 -0.002734 0.999862 -1.624100 0.000000 0.000000 0.000000 1.000000
0.999969 0.001054 0.007817 -0.044200 -0.001191 0.999846 0.017502 11.072300 -0.007797 -0.017511 0.999816 -1.624100 0.000000 0.000000 0.000000 1.000000
0.999992 0.001903 0.003524 -0.044200 -0.002000 0.999618 0.027581 11.072300 -0.003470 -0.027587 0.999613 -1.624100 0.000000 0.000000 0.000000 1.000000
0.999998 0.001753 0.001181 -0.044200 -0.001793 0.999377 0.035244 11.072300 -0.001118 -0.035246 0.999378 -1.624100 0.000000 0.000000 0.000000 1.000000
1.000000 0.000666 -0.000687 -0.044200 -0.000636 0.999069 0.043141 11.072300 0.000715 -0.043140 0.999069 -1.624100 0.000000 0.000000 0.000000 1.000000
0.999997 -0.001083 -0.002177 -0.044200 0.001193 0.998696 0.051029 11.072300 0.002119 -0.051032 0.998695 -1.624100 0.000000 0.000000 0.000000 1.000000
0.999989 -0.003225 -0.003434 -0.044200 0.003421 0.998271 0.058674 11.072300 0.003239 -0.058685 0.998271 -1.624100 0.000000 0.000000 0.000000 1.000000
0.999974 -0.005490 -0.004582 -0.044200 0.005780 0.997814 0.065839 11.072300 0.004210 -0.065864 0.997820 -1.624100 0.000000 0.000000 0.000000 1.000000
0.999956 -0.007590 -0.005589 -0.044200 0.007974 0.997352 0.072292 11.072300 0.005025 -0.072334 0.997368 -1.624100 0.000000 0.000000 0.000000 1.000000
0.999936 -0.009242 -0.006464 -0.044200 0.009717 0.996921 0.077802 11.072300 0.005725 -0.077860 0.996948 -1.624100 0.000000 0.000000 0.000000 1.000000
0.999922 -0.010226 -0.007213 -0.044200 0.010772 0.996708 0.080353 11.072300 0.006367 -0.080425 0.996740 -1.624100 0.000000 0.000000 0.000000 1.000000
0.999907 -0.011330 -0.007603 -0.044200 0.011918 0.996532 0.082349 11.072300 0.006643 -0.082432 0.996575 -1.624100 0.000000 0.000000 0.000000 1.000000
0.999894 -0.012458 -0.007557 -0.044200 0.013056 0.996297 0.084987 11.072300 0.006471 -0.085077 0.996353 -1.624100 0.000000 0.000000 0.000000 1.000000
0.999889 -0.013063 -0.007211 -0.044200 0.013644 0.996081 0.087389 11.072300 0.006041 -0.087478 0.996148 -1.624100 0.000000 0.000000 0.000000 1.000000
0.999893 -0.013099 -0.006472 -0.044200 0.013622 0.995960 0.088761 11.072300 0.005283 -0.088840 0.996032 -1.624100 0.000000 0.000000 0.000000 1.000000
0.999901 -0.012888 -0.005578 -0.044200 0.013334 0.995940 0.089027 11.072300 0.004408 -0.089093 0.996014 -1.624100 0.000000 0.000000 0.000000 1.000000
0.999906 -0.012850 -0.004815 -0.044200 0.013227 0.995942 0.089021 11.072300 0.003651 -0.089076 0.996018 -1.624100 0.000000 0.000000 0.000000 1.000000
0.999906 -0.012996 -0.004404 -0.044200 0.013336 0.995961 0.088796 11.072300 0.003232 -0.088846 0.996040 -1.624100 0.000000 0.000000 0.000000 1.000000
0.999907 -0.012926 -0.004431 -0.044200 0.013269 0.995932 0.089128 11.072300 0.003261 -0.089179 0.996010 -1.624100 0.000000 0.000000 0.000000 1.000000
0.999909 -0.012789 -0.004182 -0.044200 0.013111 0.995908 0.089417 11.072300 0.003021 -0.089463 0.995986 -1.624100 0.000000 0.000000 0.000000 1.000000
0.999913 -0.012613 -0.003956 -0.044200 0.012917 0.995868 0.089893 11.072300 0.002806 -0.089936 0.995944 -1.624100 0.000000 0.000000 0.000000 1.000000
0.999924 -0.011475 -0.004469 -0.044200 0.011833 0.995818 0.090590 11.072300 0.003411 -0.090636 0.995878 -1.624100 0.000000 0.000000 0.000000 1.000000
0.999925 -0.011204 -0.005010 -0.044200 0.011613 0.995791 0.090919 11.072300 0.003971 -0.090970 0.995846 -1.624100 0.000000 0.000000 0.000000 1.000000
0.999924 -0.011205 -0.005207 -0.044200 0.011634 0.995749 0.091370 11.072300 0.004161 -0.091423 0.995803 -1.624100 0.000000 0.000000 0.000000 1.000000
0.999923 -0.011258 -0.005292 -0.044200 0.011695 0.995735 0.091520 11.072300 0.004239 -0.091575 0.995789 -1.624100 0.000000 0.000000 0.000000 1.000000
0.999919 -0.011325 -0.005856 -0.044200 0.011817 0.995676 0.092135 11.072300 0.004787 -0.092197 0.995729 -1.624100 0.000000 0.000000 0.000000 1.000000
0.999917 -0.011371 -0.006048 -0.044200 0.011881 0.995657 0.092336 11.072300 0.004971 -0.092400 0.995710 -1.624100 0.000000 0.000000 0.000000 1.000000
0.999915 -0.011429 -0.006297 -0.044200 0.011963 0.995635 0.092566 11.072300 0.005211 -0.092633 0.995687 -1.624100 0.000000 0.000000 0.000000 1.000000
0.999912 -0.011456 -0.006650 -0.044200 0.012024 0.995612 0.092805 11.072300 0.005557 -0.092877 0.995662 -1.624100 0.000000 0.000000 0.000000 1.000000
0.999910 -0.011368 -0.007072 -0.044200 0.011976 0.995591 0.093031 11.072300 0.005983 -0.093107 0.995638 -1.624100 0.000000 0.000000 0.000000 1.000000
0.999912 -0.011098 -0.007336 -0.044200 0.011734 0.995567 0.093320 11.072300 0.006268 -0.093398 0.995609 -1.624100 0.000000 0.000000 0.000000 1.000000
0.999914 -0.010764 -0.007497 -0.044200 0.011417 0.995563 0.093406 11.072300 0.006459 -0.093484 0.995600 -1.624100 0.000000 0.000000 0.000000 1.000000
0.999919 -0.010457 -0.007188 -0.044200 0.011084 0.995556 0.093513 11.072300 0.006178 -0.093585 0.995592 -1.624100 0.000000 0.000000 0.000000 1.000000
0.999923 -0.010265 -0.006992 -0.044200 0.010875 0.995550 0.093602 11.072300 0.006000 -0.093671 0.995585 -1.624100 0.000000 0.000000 0.000000 1.000000
0.999925 -0.010004 -0.007021 -0.044200 0.010616 0.995566 0.093460 11.072300 0.006054 -0.093528 0.995598 -1.624100 0.000000 0.000000 0.000000 1.000000
0.999929 -0.009233 -0.007493 -0.044200 0.009887 0.995653 0.092613 11.072300 0.006605 -0.092681 0.995674 -1.624100 0.000000 0.000000 0.000000 1.000000
0.999931 -0.008153 -0.008414 -0.044200 0.008874 0.995946 0.089513 11.072300 0.007650 -0.089581 0.995950 -1.624100 0.000000 0.000000 0.000000 1.000000
0.999937 -0.006025 -0.009507 -0.044200 0.006802 0.996451 0.083895 11.072300 0.008968 -0.083954 0.996429 -1.624100 0.000000 0.000000 0.000000 1.000000
0.999958 -0.002669 -0.008768 -0.044200 0.003320 0.997168 0.075128 11.072300 0.008543 -0.075154 0.997135 -1.624100 0.000000 0.000000 0.000000 1.000000
0.999968 0.002872 -0.007459 -0.044200 -0.002411 0.998129 0.061091 11.072300 0.007620 -0.061071 0.998104 -1.624100 0.000000 0.000000 0.000000 1.000000
0.999975 0.004376 -0.005464 -0.044200 -0.004085 0.998628 0.052212 11.072300 0.005685 -0.052188 0.998621 -1.624100 0.000000 0.000000 0.000000 1.000000
0.999978 0.005469 -0.003677 -0.044200 -0.005302 0.999018 0.043988 11.072300 0.003914 -0.043967 0.999025 -1.624100 0.000000 0.000000 0.000000 1.000000
0.999976 0.006213 -0.003078 -0.044200 -0.006102 0.999370 0.034959 11.072300 0.003294 -0.034939 0.999384 -1.624100 0.000000 0.000000 0.000000 1.000000
0.999970 0.007656 -0.001389 -0.044200 -0.007620 0.999683 0.024007 11.072300 0.001573 -0.023996 0.999711 -1.624100 0.000000 0.000000 0.000000 1.000000
0.999961 0.008585 0.001933 -0.044200 -0.008610 0.999870 0.013662 11.072300 -0.001815 -0.013678 0.999905 -1.624100 0.000000 0.000000 0.000000 1.000000
0.999942 0.008873 0.006065 -0.044200 -0.008900 0.999950 0.004498 11.072300 -0.006025 -0.004552 0.999971 -1.624100 0.000000 0.000000 0.000000 1.000000
0.999929 0.009160 0.007600 -0.044200 -0.009147 0.999957 -0.001664 11.072300 -0.007615 0.001595 0.999970 -1.624100 0.000000 0.000000 0.000000 1.000000
0.999945 0.007263 0.007624 -0.044200 -0.007228 0.999963 -0.004611 11.072300 -0.007657 0.004556 0.999960 -1.624100 0.000000 0.000000 0.000000 1.000000
0.999956 0.001556 0.009202 -0.044200 -0.001487 0.999970 -0.007573 11.072300 -0.009213 0.007559 0.999929 -1.624100 0.000000 0.000000 0.000000 1.000000
0.999918 -0.005772 0.011433 -0.044200 0.005892 0.999927 -0.010531 11.072300 -0.011372 0.010597 0.999879 -1.624100 0.000000 0.000000 0.000000 1.000000
0.999805 -0.013889 0.014035 -0.044200 0.014077 0.999812 -0.013349 11.072300 -0.013846 0.013544 0.999812 -1.624100 0.000000 0.000000 0.000000 1.000000
0.999619 -0.021963 0.016722 -0.044200 0.022229 0.999626 -0.015905 11.072300 -0.016366 0.016271 0.999734 -1.624100 0.000000 0.000000 0.000000 1.000000
0.999390 -0.029160 0.019211 -0.044200 0.029508 0.999401 -0.018090 11.072300 -0.018672 0.018646 0.999652 -1.624100 0.000000 0.000000 0.000000 1.000000
0.999174 -0.034650 0.021220 -0.044200 0.035072 0.999188 -0.019809 11.072300 -0.020516 0.020537 0.999579 -1.624100 0.000000 0.000000 0.000000 1.000000
0.999038 -0.037575 0.022606 -0.044200 0.038043 0.999063 -0.020645 11.072300 -0.021809 0.021485 0.999531 -1.624100 0.000000 0.000000 0.000000 1.000000
0.998953 -0.039119 0.023709 -0.044200 0.039617 0.998996 -0.020897 11.072300 -0.022868 0.021814 0.999500 -1.624100 0.000000 0.000000 0.000000 1.000000
0.998870 -0.040556 0.024793 -0.044200 0.041082 0.998933 -0.021096 11.072300 -0.023911 0.022091 0.999470 -1.624100 0.000000 0.000000 0.000000 1.000000</float_array><technique_common><accessor source="#mixamorig_Spine1-Matrix-animation-output-transform-array" count="72" stride="16"><param type="float4x4"/></accessor></technique_common></source><source id="mixamorig_Spine1-Interpolations"><Name_array id="mixamorig_Spine1-Interpolations-array" count="72">
 LINEAR LINEAR LINEAR LINEAR LINEAR LINEAR LINEAR LINEAR LINEAR LINEAR LINEAR
LINEAR LINEAR LINEAR LINEAR LINEAR LINEAR LINEAR LINEAR LINEAR LINEAR LINEAR LINEAR
LINEAR LINEAR LINEAR LINEAR LINEAR LINEAR LINEAR LINEAR LINEAR LINEAR LINEAR LINEAR
LINEAR LINEAR LINEAR LINEAR LINEAR LINEAR LINEAR LINEAR LINEAR LINEAR LINEAR LINEAR
LINEAR LINEAR LINEAR LINEAR LINEAR LINEAR LINEAR LINEAR LINEAR LINEAR LINEAR LINEAR
LINEAR LINEAR LINEAR LINEAR LINEAR LINEAR LINEAR LINEAR LINEAR LINEAR LINEAR LINEAR
